link 488211.844 7466549.000 19.078 488307.156 7466587.500 19.083
elev 474035.156 7463513.000 4.136
elev 474058.719 7463523.500 4.141
elev 474082.312 7463533.500 4.147
elev 474105.812 7463544.000 4.152
elev 474129.344 7463554.500 4.157
elev 474039.219 7463510.000 4.204
elev 474063.344 7463520.500 4.169
elev 474087.500 7463531.000 4.133
elev 474111.625 7463541.500 4.097
elev 474135.719 7463552.000 4.062
elev 473778.500 7463426.500 4.225
elev 474198.406 7463603.500 5.148
elev 474151.531 7463584.500 5.043
elev 474104.625 7463565.500 4.937
elev 474057.781 7463546.000 4.831
elev 474010.875 7463527.000 4.725
elev 473964.000 7463508.000 4.620
elev 473917.094 7463489.000 4.514
elev 473870.188 7463470.000 4.409
elev 473823.375 7463450.500 4.303
elev 473776.625 7463431.000 4.197
elev 474587.406 7463829.500 9.597
elev 474552.750 7463792.500 8.991
elev 474515.625 7463758.500 8.389
elev 474475.219 7463728.000 7.783
elev 474431.812 7463701.500 7.175
elev 474385.938 7463680.500 6.572
elev 474339.094 7463661.000 5.965
elev 474292.219 7463642.000 5.360
elev 475087.094 7464234.000 20.146
elev 475037.375 7464224.500 19.318
elev 474989.250 7464209.000 18.490
elev 474943.469 7464187.000 17.659
elev 474900.812 7464160.000 16.833
elev 474861.938 7464127.500 16.004
elev 474826.656 7464091.000 15.173
elev 474792.438 7464054.000 14.349
elev 474758.281 7464016.500 13.519
elev 474724.094 7463979.000 12.688
elev 474689.906 7463941.500 11.858
elev 474655.750 7463904.500 11.034
elev 474621.562 7463867.000 10.203
elev 474632.406 7463879.000 9.334
elev 474614.625 7463861.500 8.922
elev 474595.812 7463844.500 8.504
elev 474577.938 7463827.000 8.091
elev 474621.562 7463867.000 9.303
elev 474861.938 7464127.500 16.004
elev 474826.656 7464091.000 14.906
elev 474792.438 7464054.000 13.816
elev 474758.281 7464016.500 12.719
elev 474724.094 7463979.000 11.621
elev 474689.906 7463941.500 10.523
elev 474655.750 7463904.500 9.434
elev 474292.219 7463642.000 5.160
elev 474198.406 7463603.500 4.848
elev 474151.531 7463584.500 4.643
elev 474104.625 7463565.500 4.737
elev 474057.781 7463546.000 4.731
elev 474339.094 7463661.000 5.865
elev 474292.219 7463642.000 4.960
elev 474198.406 7463603.500 4.748
elev 474151.531 7463584.500 4.543
elev 474104.625 7463565.500 4.537
elev 474057.781 7463546.000 4.531
elev 474010.875 7463527.000 4.625
elev 474151.531 7463584.500 4.343
elev 474198.406 7463603.500 4.548
elev 474292.219 7463642.000 4.760
elev 474339.094 7463661.000 5.065
elev 474385.938 7463680.500 6.072
elev 474182.562 7463597.000 4.503
elev 474158.312 7463588.500 4.472
elev 474133.531 7463581.500 4.356
elev 474108.750 7463574.500 4.101
elev 474084.000 7463567.500 3.840
elev 474059.688 7463559.000 3.979
elev 474198.406 7463603.500 4.348
elev 474292.219 7463642.000 4.360
elev 474319.000 7463657.000 5.082
elev 474305.719 7463653.000 5.027
elev 474339.094 7463661.000 4.765
elev 474385.938 7463680.500 5.872
elev 474431.812 7463701.500 6.775
elev 474373.031 7463686.500 5.138
elev 474350.188 7463674.500 6.012 30413
elev 474352.531 7463672.000 6.060 22013
elev 474350.188 7463674.500 6.012 30414
elev 474339.094 7463661.000 4.365 1801
elev 474329.250 7463662.500 4.357 13238
elev 474319.000 7463657.000 4.382 30413
elev 474329.250 7463662.500 4.357 22013
elev 474350.188 7463674.500 4.412 30413
elev 474350.188 7463674.500 4.412 13232
elev 474352.531 7463672.000 4.360 22013
elev 474375.844 7463681.500 4.373 22013
elev 474385.938 7463680.500 4.372 1801
elev 474373.031 7463686.500 4.338 30414
elev 474375.031 7463690.500 4.406 13232
elev 474350.188 7463674.500 4.412 30414
elev 474287.625 7463640.000 4.356 21745
elev 474287.625 7463640.000 4.356 30413
elev 474245.344 7463623.000 4.340 1801
elev 474248.875 7463619.000 4.363 22015
elev 474242.438 7463615.500 4.330 21745
elev 474236.094 7463619.000 4.330 30411
elev 474236.969 7463621.500 4.445 12723
elev 474261.156 7463629.000 4.359 12723
elev 474265.062 7463627.500 4.330 21745
rail 474314.670 7463656.614 4.772 474339.861 7463668.706 4.402
rail 474275.661 7463635.289 4.353 474300.945 7463647.217 4.367
elev 473893.312 7463452.500 4.114 21745
elev 473869.500 7463442.500 4.172 21745
elev 473874.906 7463450.000 4.152 22014
elev 473854.750 7463447.000 4.169 12725
elev 474182.562 7463597.000 4.403 12718
elev 474158.312 7463588.500 4.372 12718
elev 474104.625 7463565.500 4.237 1801
elev 474099.781 7463557.000 4.010 30411
elev 474084.000 7463567.500 4.040 12718
elev 474057.781 7463546.000 4.031 1801
elev 474053.875 7463537.500 4.020 30412
elev 474051.469 7463538.500 4.027 15251
elev 474031.844 7463525.500 4.032 30412
elev 474001.844 7463518.000 4.079 15251
elev 474009.781 7463513.500 4.065 30412
elev 473987.750 7463502.000 4.018 12725
elev 473960.281 7463487.500 3.969 22014
elev 473961.406 7463490.500 3.960 12725
elev 473932.406 7463473.500 4.040 22014
elev 473934.719 7463479.500 4.078 12725
elev 473952.219 7463497.500 4.037 15251
elev 473977.031 7463508.000 4.014 15251
elev 473917.094 7463489.000 4.014 1801
elev 473927.438 7463487.500 4.041 15251
elev 473902.625 7463477.500 4.006 15251
elev 473870.188 7463470.000 4.009 1801
elev 473877.812 7463467.000 4.028 15251
elev 473828.219 7463446.500 3.996 15251
elev 473823.375 7463450.500 4.003 1801
elev 473776.625 7463431.000 3.997 1801
elev 473778.500 7463426.500 4.025 15251
elev 473853.031 7463457.000 3.988 15251
rail 474340.617 7463667.138 4.358 474315.414 7463655.057 4.379
rail 474301.611 7463645.807 4.361 474276.385 7463633.773 4.343
elev 474305.719 7463653.000 4.527 13238
elev 474314.670 7463656.614 4.472 3758096494
elev 474431.812 7463701.500 5.975 1801
elev 474475.219 7463728.000 6.283 1801
elev 474486.219 7463741.500 6.293 22013
elev 474515.625 7463758.500 7.289 1801
elev 474552.750 7463792.500 8.091 1801
elev 474587.406 7463829.500 8.097 1801
elev 474621.562 7463867.000 9.003 1801
elev 493864.156 7464758.500 14.261 11785
elev 493888.625 7464764.500 14.266 11785
elev 493912.906 7464771.000 14.236 11785
elev 493937.062 7464777.500 14.004 11785
elev 493961.562 7464783.000 13.969 11785
elev 493986.188 7464788.000 13.910 11785
elev 494010.844 7464793.000 13.798 11785
elev 494035.531 7464797.500 14.631 11785
elev 494060.344 7464801.500 13.509 11785
elev 494085.281 7464804.000 13.365 11785
elev 494110.344 7464806.000 13.235 11785
elev 494135.469 7464806.500 13.127 11785
elev 494160.562 7464806.500 13.027 11785
elev 494185.656 7464805.000 12.894 11785
elev 494210.656 7464802.500 12.721 11785
elev 494235.531 7464799.000 13.558 11785
elev 494260.219 7464794.500 12.442 11785
elev 494284.781 7464789.000 12.216 11785
elev 494309.281 7464783.500 12.144 11785
elev 494333.750 7464778.000 11.930 11785
elev 494358.250 7464772.500 11.825 11785
elev 494382.781 7464767.000 11.674 11785
elev 494407.312 7464761.500 11.498 11785
elev 494431.844 7464756.000 11.412 11785
elev 494456.375 7464751.000 11.170 11785
elev 494480.906 7464745.500 11.011 11785
elev 494505.469 7464740.000 10.807 11785
elev 494530.000 7464734.500 10.627 11785
elev 494554.531 7464729.500 10.542 11785
elev 494579.062 7464724.000 10.401 11785
elev 494603.469 7464718.000 10.242 11785
elev 494627.562 7464711.000 10.039 11785
elev 494651.594 7464703.500 9.861 11785
elev 494675.781 7464697.000 9.737 11785
elev 507194.688 7468048.500 4.800 1770
elev 507199.938 7468042.500 4.800 1770
elev 507199.938 7468042.500 4.881 1769
elev 507230.188 7468002.500 5.381 1769
elev 507255.219 7467959.000 5.681 1769
elev 507274.625 7467913.000 6.081 1769
elev 507288.875 7467865.000 6.781 1769
elev 507301.344 7467816.500 6.981 1769
elev 507313.812 7467768.000 7.481 1769
link 509578.812 7463923.500 32.127 509522.500 7464007.000 30.797
elev 518458.281 7459203.000 20.619 1747
elev 518470.625 7459254.500 20.774 1747
elev 518483.125 7459306.500 20.946 1747
elev 518496.375 7459358.000 21.137 1747
elev 518513.969 7459408.500 21.346 1747
elev 518537.938 7459456.000 21.573 1747
elev 518568.062 7459499.500 21.816 1747
elev 518603.281 7459539.500 22.076 1747
elev 518640.469 7459578.000 22.352 1747
elev 518677.812 7459616.000 22.643 1747
elev 518715.156 7459653.500 22.949 1747
elev 518715.156 7459653.500 22.949 1748
elev 518722.156 7459661.000 23.001 1748
elev 518722.156 7459661.000 23.001 1749
elev 518760.438 7459700.000 23.330 1749
elev 518796.625 7459741.000 23.673 1749
elev 518827.375 7459786.000 24.026 1749
elev 518851.719 7459835.000 24.388 1749
elev 518869.156 7459887.000 24.758 1749
elev 518879.812 7459940.500 25.132 1749
elev 518879.812 7459940.500 25.132 1750
elev 518887.031 7459993.500 25.404 1750
elev 518894.000 7460047.000 25.677 1750
elev 518900.938 7460100.000 25.950 1750
elev 518907.875 7460153.000 26.222 1750
elev 518914.812 7460206.500 26.495 1750
elev 518921.750 7460259.500 26.768 1750
elev 518928.688 7460313.000 27.040 1750
elev 518935.250 7460366.000 27.313 1750
elev 518938.844 7460419.500 27.586 1750
elev 518936.375 7460473.000 27.858 1750
elev 518927.625 7460526.000 28.131 1750
elev 518927.625 7460526.000 28.131 1751
elev 518913.656 7460574.500 28.387 1751
elev 518894.312 7460621.000 28.644 1751
elev 518869.938 7460665.000 28.907 1751
elev 518840.812 7460706.000 29.177 1751
elev 518807.250 7460744.000 29.457 1751
elev 518769.688 7460777.500 29.749 1751
elev 518728.594 7460806.500 30.055 1751
elev 518684.438 7460831.000 30.376 1751
elev 518637.844 7460850.000 30.714 1751
elev 518589.406 7460864.000 31.068 1751
elev 518539.750 7460872.500 31.440 1751
elev 518489.438 7460875.500 31.830 1751
elev 518439.094 7460873.000 32.238 1751
elev 518389.062 7460866.500 32.662 1751
elev 518339.219 7460859.000 33.104 1751
elev 518289.562 7460850.500 33.560 1751
elev 518240.094 7460840.500 34.030 1751
elev 518190.812 7460830.000 34.510 1751
elev 518141.750 7460818.000 35.000 1751
elev 518092.969 7460805.500 35.496 1751
elev 518044.406 7460792.000 35.994 1751
elev 517996.156 7460777.000 36.491 1751
elev 517948.219 7460761.500 36.983 1751
elev 517900.594 7460745.000 37.466 1751
elev 517853.312 7460727.500 37.936 1751
elev 517806.344 7460709.000 38.388 1751
elev 517759.719 7460690.000 38.818 1751
elev 517712.969 7460671.000 39.223 1751
elev 517664.969 7460655.500 39.597 1751
elev 517615.125 7460648.000 39.938 1751
elev 517564.781 7460649.000 40.241 1751
elev 517515.281 7460658.500 40.505 1751
elev 517468.062 7460676.000 40.727 1751
elev 517424.500 7460701.500 40.907 1751
elev 517385.250 7460733.000 41.044 1751
elev 517347.469 7460766.500 41.137 1751
elev 517309.781 7460800.000 41.189 1751
elev 517272.594 7460834.000 41.199 1751
elev 517237.906 7460870.500 41.172 1751
elev 517204.219 7460908.000 41.108 1751
elev 517170.531 7460945.500 41.013 1751
elev 517136.844 7460983.000 40.890 1751
elev 517103.156 7461020.500 40.743 1751
elev 517069.500 7461058.000 40.575 1751
elev 517035.812 7461096.000 40.393 1751
elev 517002.156 7461133.500 40.199 1751
elev 516968.469 7461171.000 39.999 1751
elev 516934.781 7461208.500 39.795 1751
elev 516901.125 7461246.000 39.592 1751
elev 516867.438 7461283.500 39.393 1751
elev 516833.750 7461321.000 39.200 1751
elev 516799.219 7461357.500 39.014 1751
elev 516762.281 7461392.000 38.838 1751
elev 516722.844 7461423.500 38.673 1751
elev 516681.250 7461452.000 38.518 1751
elev 516646.594 7461472.500 38.402 1753
elev 516601.906 7461495.000 38.267 1753
elev 516555.812 7461515.000 38.142 1753
elev 516509.125 7461533.000 38.025 1753
elev 516462.031 7461550.000 37.916 1753
elev 516414.719 7461566.500 37.813 1753
elev 516366.969 7461582.000 37.716 1753
elev 516318.750 7461595.500 37.623 1753
elev 516270.094 7461607.500 37.534 1753
elev 516221.031 7461617.500 37.448 1753
elev 516171.656 7461626.000 37.365 1753
elev 516121.969 7461633.000 37.285 1753
elev 516072.094 7461637.500 37.208 1753
elev 516022.062 7461640.500 37.134 1753
elev 515971.969 7461641.500 37.063 1753
elev 515921.844 7461641.500 36.996 1753
elev 515871.719 7461641.000 36.932 1753
elev 515821.625 7461641.000 36.872 1753
elev 515771.500 7461640.500 36.816 1753
elev 515721.375 7461640.000 36.761 1753
elev 515671.281 7461640.000 36.707 1753
elev 515621.156 7461639.500 36.653 1753
elev 515571.031 7461639.000 36.595 1753
elev 515520.938 7461638.500 36.533 1753
elev 515470.812 7461638.500 36.463 1753
elev 515420.719 7461638.500 36.383 1753
elev 515370.750 7461642.500 36.292 1753
elev 515321.438 7461651.000 36.189 1753
elev 515273.156 7461664.500 36.072 1753
elev 515225.531 7461680.000 35.942 1753
elev 515178.000 7461696.000 35.800 1753
elev 515130.438 7461712.000 35.647 1753
elev 515082.844 7461727.500 35.487 1753
elev 515034.688 7461741.000 35.324 1753
elev 514985.438 7461750.500 35.162 1753
elev 514935.531 7461755.000 35.007 1753
elev 514885.438 7461754.000 34.863 1753
elev 514835.688 7461748.000 34.738 1753
elev 514786.781 7461737.500 34.636 1753
elev 514739.156 7461722.000 34.563 1753
elev 514693.375 7461701.500 34.525 1753
elev 514649.844 7461676.500 34.524 1753
elev 514608.562 7461648.500 34.566 1753
elev 514568.094 7461618.500 34.651 1753
elev 514527.656 7461589.000 34.781 1753
elev 514487.250 7461559.500 34.956 1753
elev 514446.562 7461530.500 35.174 1753
elev 514404.062 7461503.500 35.434 1753
elev 514358.938 7461482.000 35.732 1753
elev 514311.719 7461465.000 36.064 1753
elev 514263.562 7461451.500 36.426 1753
elev 514215.281 7461438.000 36.811 1753
elev 514167.000 7461424.500 37.215 1753
elev 514118.719 7461411.000 37.631 1753
elev 514070.625 7461397.000 38.054 1753
elev 514023.562 7461380.000 38.477 1753
elev 513978.688 7461357.500 38.895 1753
elev 513936.594 7461330.500 39.303 1753
elev 513896.531 7461300.500 39.697 1753
elev 513856.812 7461270.000 40.071 1753
elev 513816.656 7461240.000 40.421 1753
elev 513774.250 7461213.000 40.746 1753
elev 513728.812 7461192.000 41.042 1753
elev 513681.125 7461177.000 41.306 1753
elev 513632.125 7461166.500 41.539 1753
elev 513582.750 7461157.500 41.739 1753
elev 513533.250 7461150.000 41.906 1753
elev 513483.469 7461144.500 42.039 1753
elev 513433.375 7461143.500 42.141 1753
elev 513383.594 7461148.500 42.211 1753
elev 513334.844 7461160.000 42.251 1753
elev 513287.562 7461177.000 42.261 1753
elev 513240.875 7461195.000 42.243 1753
elev 513194.156 7461213.000 42.198 1753
elev 513146.844 7461229.500 42.126 1753
elev 513098.031 7461241.000 42.029 1753
elev 513048.188 7461245.500 41.906 1753
elev 512998.125 7461244.500 41.759 1753
elev 512948.594 7461237.000 41.585 1753
elev 512900.406 7461223.000 41.387 1753
elev 512854.312 7461203.500 41.161 1753
elev 512854.312 7461203.500 41.161 1754
elev 512800.250 7461171.000 40.744 1754
elev 512749.875 7461133.000 40.326 1754
elev 512699.906 7461094.000 39.909 1754
elev 512699.906 7461094.000 39.909 1755
elev 512654.156 7461060.000 39.497 1755
elev 512605.281 7461031.000 39.049 1755
elev 512553.250 7461008.500 38.568 1755
elev 512499.250 7460990.500 38.055 1755
elev 512443.969 7460977.000 37.513 1755
elev 512387.625 7460970.000 36.947 1755
elev 512330.781 7460970.500 36.362 1755
elev 512330.781 7460970.500 36.362 1756
elev 512239.750 7460989.000 35.357 1756
elev 512239.750 7460989.000 35.357 1757
elev 512192.844 7461007.500 34.811 1757
elev 512148.594 7461032.000 34.262 1757
elev 512106.094 7461059.500 33.713 1757
elev 512063.812 7461087.000 33.166 1757
elev 512020.875 7461114.000 32.623 1757
elev 511975.844 7461137.000 32.087 1757
elev 511928.625 7461154.500 31.560 1757
elev 511879.844 7461168.000 31.042 1757
elev 511830.594 7461179.500 30.534 1757
elev 511781.344 7461191.000 30.038 1757
elev 511732.062 7461202.500 29.553 1757
elev 511682.844 7461214.000 29.080 1757
elev 511633.688 7461225.500 28.620 1757
elev 516681.250 7461452.000 38.518 1752
elev 516646.594 7461472.500 38.402 1752
elev 511633.688 7461225.500 28.620 1758
elev 511584.062 7461242.000 28.251 1758
elev 511536.906 7461264.000 27.882 1758
elev 511493.062 7461292.500 27.513 1758
elev 511453.250 7461326.000 27.144 1758
elev 511418.281 7461365.000 26.774 1758
elev 511387.656 7461407.000 26.405 1758
elev 511387.656 7461407.000 26.405 1759
elev 511358.625 7461450.000 26.066 1759
elev 511329.625 7461492.500 25.754 1759
elev 511300.656 7461535.500 25.474 1759
elev 511271.406 7461578.000 25.228 1759
elev 511239.625 7461618.500 25.018 1759
elev 511203.906 7461656.000 24.849 1759
elev 511164.531 7461689.500 24.721 1759
elev 511121.938 7461718.500 24.636 1759
elev 511076.531 7461743.000 24.596 1759
elev 511028.844 7461763.000 24.602 1759
elev 510979.406 7461778.000 24.652 1759
elev 510929.219 7461790.000 24.747 1759
elev 510878.938 7461802.000 24.887 1759
elev 510828.656 7461813.500 25.069 1759
elev 510778.625 7461826.500 25.293 1759
elev 510729.406 7461842.000 25.556 1759
elev 510681.312 7461861.000 25.857 1759
elev 510634.562 7461883.000 26.192 1759
elev 510589.281 7461908.000 26.561 1759
elev 510545.688 7461935.500 26.960 1759
elev 510504.031 7461966.000 27.386 1759
elev 510464.438 7461999.000 27.838 1759
elev 510427.031 7462035.000 28.313 1759
elev 510391.969 7462072.500 28.809 1759
elev 510391.969 7462072.500 29.309 1760
elev 510391.969 7462072.500 28.709 1759
elev 510360.000 7462112.000 29.142 1760
elev 510330.656 7462153.000 29.675 1760
elev 510303.969 7462196.000 30.108 1760
elev 510279.969 7462241.000 30.541 1760
elev 510258.781 7462287.000 30.974 1760
elev 510239.281 7462333.500 31.506 1760
elev 510219.938 7462380.500 31.939 1760
elev 510200.625 7462427.000 32.372 1760
elev 510181.281 7462474.000 32.905 1760
elev 510161.938 7462520.500 33.438 1760
elev 510142.562 7462567.500 33.871 1760
elev 510123.219 7462614.500 34.404 1760
elev 510103.844 7462661.000 34.937 1760
elev 510084.500 7462708.000 35.470 1760
elev 510065.125 7462754.500 35.903 1760
elev 510045.781 7462801.500 36.436 1760
elev 510026.406 7462848.500 36.969 1760
elev 510007.094 7462895.000 37.502 1760
elev 509987.750 7462942.000 38.035 1760
elev 509968.406 7462988.500 38.468 1760
elev 509949.062 7463035.500 39.001 1760
elev 509929.688 7463082.500 39.534 1760
elev 509871.625 7463222.500 41.133 1760
elev 509852.281 7463269.500 41.066 1760
elev 509910.344 7463129.000 40.067 1760
elev 509890.969 7463176.000 40.700 1760
elev 518458.281 7459203.000 10.619 1747
elev 518470.625 7459254.500 10.774 1747
elev 518483.125 7459306.500 10.946 1747
elev 518496.375 7459358.000 11.137 1747
elev 518513.969 7459408.500 11.346 1747
elev 518537.938 7459456.000 11.573 1747
elev 518568.062 7459499.500 11.816 1747
elev 518603.281 7459539.500 12.076 1747
elev 518640.469 7459578.000 12.352 1747
elev 518677.812 7459616.000 12.643 1747
elev 518715.156 7459653.500 12.949 1747
elev 518715.156 7459653.500 12.949 1748
elev 518722.156 7459661.000 13.001 1748
elev 518722.156 7459661.000 13.001 1749
elev 518760.438 7459700.000 13.330 1749
elev 518796.625 7459741.000 13.673 1749
elev 518827.375 7459786.000 14.026 1749
elev 518851.719 7459835.000 14.388 1749
elev 518869.156 7459887.000 14.758 1749
elev 518879.812 7459940.500 15.132 1749
elev 518879.812 7459940.500 15.132 1750
elev 518887.031 7459993.500 15.404 1750
elev 518894.000 7460047.000 15.677 1750
elev 518900.938 7460100.000 16.650 1750
elev 518907.875 7460153.000 17.622 1750
elev 518914.812 7460206.500 18.595 1750
elev 518921.750 7460259.500 18.668 1750
elev 518938.844 7460419.500 22.686 1750
elev 518935.250 7460366.000 20.913 1750
elev 518928.688 7460313.000 19.840 1750
elev 518936.375 7460473.000 24.358 1750
elev 518927.625 7460526.000 25.131 1750
elev 518927.625 7460526.000 25.131 1751
elev 518913.656 7460574.500 26.387 1751
elev 518894.312 7460621.000 27.544 1751
elev 518869.938 7460665.000 28.707 1751
elev 518562.406 7458180.500 10.304 1740
elev 518553.938 7458232.500 10.229 1740
elev 518553.938 7458232.500 10.229 1741
elev 518547.656 7458285.500 10.147 1741
elev 518544.625 7458339.000 10.061 1741
elev 518543.875 7458392.500 9.975 1741
elev 518543.656 7458446.000 9.892 1741
elev 518543.438 7458499.500 9.815 1741
elev 518541.938 7458553.000 9.745 1741
elev 518536.938 7458606.500 9.686 1741
elev 518536.938 7458606.500 9.686 1742
elev 518528.062 7458657.000 9.750 1742
elev 518516.719 7458707.500 9.814 1742
elev 518505.000 7458757.500 9.879 1742
elev 518493.250 7458807.500 9.943 1742
elev 518481.500 7458857.500 10.007 1742
elev 518469.750 7458907.500 10.072 1742
elev 518458.031 7458958.000 10.136 1742
elev 518447.906 7459008.000 10.200 1742
elev 518447.906 7459008.000 10.200 1743
elev 518442.125 7459089.000 10.345 1743
elev 518562.406 7458180.500 8.304 1740
elev 518553.938 7458232.500 8.229 1740
elev 518553.938 7458232.500 8.229 1741
elev 518547.656 7458285.500 8.147 1741
elev 518544.625 7458339.000 8.061 1741
elev 518543.875 7458392.500 7.975 1741
elev 518543.656 7458446.000 7.892 1741
elev 518543.438 7458499.500 7.815 1741
elev 518541.938 7458553.000 7.745 1741
elev 518536.938 7458606.500 7.686 1741
elev 518536.938 7458606.500 7.686 1742
elev 518528.062 7458657.000 7.750 1742
elev 518516.719 7458707.500 7.814 1742
elev 518505.000 7458757.500 7.879 1742
elev 518493.250 7458807.500 7.943 1742
elev 518481.500 7458857.500 8.007 1742
elev 518469.750 7458907.500 8.072 1742
elev 518458.031 7458958.000 8.136 1742
elev 518447.906 7459008.000 8.200 1742
elev 518447.906 7459008.000 8.200 1743
elev 518442.125 7459089.000 8.345 1743
elev 518278.781 7456725.000 10.092 1739
elev 518278.625 7456777.000 9.871 1739
elev 518271.781 7456828.500 9.662 1739
elev 518258.500 7456879.000 9.468 1739
elev 518241.625 7456928.000 9.459 1739
elev 518224.312 7456977.500 9.550 1739
elev 518207.969 7457026.500 9.641 1739
elev 518196.125 7457077.500 9.732 1739
elev 518190.906 7457129.000 9.823 1739
elev 518192.469 7457181.000 9.914 1739
elev 518200.750 7457232.500 10.005 1739
elev 518215.594 7457282.500 10.096 1739
elev 518236.875 7457330.000 10.187 1739
elev 518264.188 7457374.000 10.279 1739
elev 518297.000 7457414.500 10.370 1739
elev 518334.750 7457450.500 10.461 1739
elev 518375.625 7457482.500 10.552 1739
elev 518417.406 7457513.500 10.651 1739
elev 518458.844 7457545.000 10.755 1739
elev 518497.406 7457580.000 10.859 1739
elev 518531.250 7457619.500 10.960 1739
elev 518559.656 7457663.000 11.055 1739
elev 518559.656 7457663.000 11.055 1740
elev 518582.500 7457711.000 10.980 1740
elev 518598.812 7457761.500 10.905 1740
elev 518608.375 7457813.500 10.830 1740
elev 518611.000 7457866.000 10.755 1740
elev 518606.688 7457919.000 10.680 1740
elev 518598.219 7457971.500 10.605 1740
elev 518589.281 7458023.500 10.530 1740
elev 518580.312 7458076.000 10.454 1740
elev 518273.406 7456673.500 10.321 1738
elev 518278.781 7456725.000 10.092 1738
elev 518571.375 7458128.000 9.379 1740
elev 518642.969 7454846.000 12.664 1737
elev 518596.312 7454870.000 12.865 1737
elev 518552.562 7454898.500 13.082 1737
elev 518512.500 7454932.000 13.316 1737
elev 518474.406 7454968.000 13.566 1737
elev 518435.969 7455003.500 13.831 1737
elev 518396.312 7455038.000 14.111 1737
elev 518355.406 7455070.500 14.404 1737
elev 518314.250 7455103.000 14.711 1737
elev 518273.062 7455135.000 15.029 1737
elev 518232.906 7455168.500 15.358 1737
elev 518196.469 7455206.500 15.696 1737
elev 518165.500 7455248.500 16.044 1737
elev 518140.250 7455294.500 16.399 1737
elev 518140.250 7455294.500 16.399 1738
elev 518121.250 7455342.500 16.170 1738
elev 518108.656 7455392.500 15.941 1738
elev 518102.656 7455444.000 15.712 1738
elev 518103.438 7455495.500 15.483 1738
elev 518109.469 7455547.000 15.255 1738
elev 518116.875 7455598.000 15.026 1738
elev 518124.344 7455649.500 14.797 1738
elev 518131.812 7455700.500 14.568 1738
elev 518139.250 7455752.000 14.339 1738
elev 518146.719 7455803.000 14.111 1738
elev 518154.188 7455854.000 13.882 1738
elev 518161.625 7455905.500 13.653 1738
elev 518169.094 7455956.500 13.424 1738
elev 518176.531 7456008.000 13.195 1738
elev 518183.969 7456059.000 12.967 1738
elev 518191.406 7456110.500 12.738 1738
elev 518198.875 7456161.500 12.509 1738
elev 518206.312 7456212.500 12.280 1738
elev 518213.750 7456264.000 12.051 1738
elev 518221.219 7456315.000 11.822 1738
elev 518228.656 7456366.500 11.594 1738
elev 518236.125 7456417.500 11.365 1738
elev 518243.594 7456469.000 11.136 1738
elev 518251.062 7456520.000 10.907 1738
elev 518258.500 7456571.000 10.678 1738
elev 518265.969 7456622.500 10.450 1738
elev 518868.906 7454716.500 9.921 1737
elev 518828.312 7454749.500 10.035 1737
elev 518784.469 7454778.000 11.066 1737
elev 518738.062 7454802.500 11.915 1737
elev 518690.562 7454824.000 12.381 1737
elev 518868.906 7454716.500 9.921 1736
elev 518905.344 7454680.500 10.125 1736
elev 518939.156 7454642.500 10.729 1736
elev 520266.125 7452856.000 8.900 1734
elev 520250.531 7452905.500 8.761 1734
elev 520228.938 7452952.500 8.622 1734
elev 520228.938 7452952.500 8.622 1735
elev 520201.250 7452997.000 8.471 1735
elev 520169.000 7453038.000 8.314 1735
elev 520133.844 7453076.500 8.159 1735
elev 520096.125 7453112.500 8.011 1735
elev 520055.281 7453145.000 7.874 1735
elev 520011.281 7453173.000 7.753 1735
elev 519964.656 7453196.500 7.651 1735
elev 519916.500 7453216.500 7.571 1735
elev 519868.062 7453236.000 7.513 1735
elev 519819.625 7453255.500 7.479 1735
elev 519771.188 7453275.000 7.471 1735
elev 519722.750 7453294.500 7.487 1735
elev 519674.312 7453314.000 7.528 1735
elev 519625.875 7453333.500 7.592 1735
elev 519577.438 7453353.000 7.680 1735
elev 519529.062 7453372.500 7.790 1735
elev 519481.656 7453394.000 7.921 1735
elev 519437.094 7453421.500 8.072 1735
elev 519396.344 7453454.000 8.242 1735
elev 519396.344 7453454.000 8.242 1736
elev 519360.812 7453490.500 8.337 1736
elev 519330.344 7453531.500 8.433 1736
elev 519305.344 7453576.000 8.529 1736
elev 519286.219 7453623.500 8.624 1736
elev 519273.344 7453673.000 8.720 1736
elev 519266.844 7453723.500 8.816 1736
elev 519266.875 7453775.000 8.911 1736
elev 519272.219 7453825.500 9.007 1736
elev 519279.062 7453876.500 9.103 1736
elev 519285.906 7453927.000 9.198 1736
elev 519291.344 7453978.000 9.294 1736
elev 519291.625 7454029.000 9.390 1736
elev 519285.375 7454079.500 9.485 1736
elev 519272.688 7454129.000 9.581 1736
elev 519253.812 7454176.500 9.677 1736
elev 519229.125 7454221.500 9.772 1736
elev 519200.875 7454264.000 9.868 1736
elev 519172.125 7454306.000 9.964 1736
elev 519143.406 7454348.500 10.059 1736
elev 519114.656 7454391.000 10.155 1736
elev 519085.938 7454433.000 10.251 1736
elev 519057.219 7454475.500 10.347 1736
elev 519028.469 7454517.500 10.442 1736
elev 518999.750 7454560.000 10.538 1736
elev 518970.438 7454602.000 10.634 1736
elev 520733.094 7451425.000 11.381 1728
elev 520738.156 7451476.000 10.910 1728
elev 520738.156 7451476.000 10.910 1729
elev 520749.500 7451525.000 10.470 1729
elev 520766.969 7451572.500 10.064 1729
elev 520788.719 7451618.500 9.695 1729
elev 520811.250 7451664.000 9.367 1729
elev 520833.250 7451709.500 9.082 1729
elev 520851.875 7451756.500 8.841 1729
elev 520864.406 7451806.000 8.646 1729
elev 520870.562 7451856.000 8.497 1729
elev 520870.312 7451907.000 8.395 1729
elev 520863.531 7451957.000 8.340 1729
elev 520850.562 7452006.000 8.328 1729
elev 520831.656 7452053.000 8.359 1729
elev 520808.000 7452098.000 8.429 1729
elev 520782.156 7452141.500 8.534 1729
elev 520782.156 7452141.500 8.534 1730
elev 520737.250 7452211.000 8.784 1730
elev 520737.250 7452211.000 8.784 1731
elev 520705.406 7452254.000 8.967 1731
elev 520669.656 7452293.500 9.167 1731
elev 520669.656 7452293.500 9.167 1732
elev 520603.938 7452355.000 9.530 1732
elev 520603.938 7452355.000 9.530 1733
elev 520565.406 7452390.000 9.738 1733
elev 520526.906 7452425.000 9.937 1733
elev 520488.406 7452460.000 10.121 1733
elev 520449.844 7452495.000 10.284 1733
elev 520411.625 7452530.500 10.420 1733
elev 520376.250 7452569.000 10.524 1733
elev 520345.906 7452611.000 10.594 1733
elev 520345.906 7452611.000 10.594 1734
elev 520321.438 7452657.000 10.455 1734
elev 520303.031 7452705.000 10.316 1734
elev 520289.844 7452755.500 10.177 1734
elev 520278.156 7452806.000 10.039 1734
elev 520824.219 7449370.500 21.760 1722
elev 520858.125 7449407.500 21.632 1722
elev 520991.656 7449584.500 21.102 1725
elev 521012.188 7449641.000 20.989 1725
elev 521023.875 7449700.000 20.893 1725
elev 521027.375 7449760.500 20.815 1725
elev 521027.375 7449760.500 20.815 1726
elev 521027.625 7449779.500 20.815 1726
elev 521027.625 7449779.500 20.749 1727
elev 521028.031 7449831.000 20.749 1727
elev 521028.000 7449883.000 20.716 1727
elev 521025.219 7449935.000 20.698 1727
elev 521018.062 7449986.500 20.697 1727
elev 521006.500 7450037.000 20.712 1727
elev 520990.656 7450086.500 20.745 1727
elev 520971.000 7450134.500 20.794 1727
elev 520949.688 7450182.000 20.861 1727
elev 520928.312 7450229.000 20.944 1727
elev 520906.969 7450276.500 21.044 1727
elev 520885.656 7450324.000 21.159 1727
elev 520864.312 7450371.000 21.286 1727
elev 520864.312 7450371.000 21.286 1728
elev 520843.594 7450417.500 20.815 1728
elev 520824.500 7450465.000 20.343 1728
elev 520807.844 7450513.000 19.871 1728
elev 520793.656 7450562.000 19.400 1728
elev 520782.000 7450611.500 18.928 1728
elev 520772.875 7450662.000 18.456 1728
elev 520766.344 7450712.500 17.985 1728
elev 520762.312 7450763.000 17.513 1728
elev 520759.719 7450814.000 17.041 1728
elev 520757.312 7450865.000 16.570 1728
elev 520754.906 7450916.000 16.098 1728
elev 520752.500 7450967.000 15.626 1728
elev 520750.094 7451018.000 15.155 1728
elev 520747.719 7451068.500 14.683 1728
elev 520745.312 7451119.500 14.211 1728
elev 520742.938 7451170.500 13.740 1728
elev 520740.562 7451221.500 13.268 1728
elev 520738.188 7451272.500 12.796 1728
elev 520735.812 7451323.000 12.325 1728
elev 520733.469 7451374.000 11.853 1728
elev 520962.844 7449531.500 13.229 1724
elev 520962.844 7449531.500 13.229 1725
elev 520957.875 7449524.000 13.252 1723
elev 520957.875 7449524.000 13.252 1724
elev 520925.531 7449482.000 13.377 1722
elev 520925.531 7449482.000 13.377 1723
elev 520892.000 7449444.500 13.505 1722
elev 520991.656 7449584.500 14.102 1725
elev 521012.188 7449641.000 14.989 1725
elev 521023.875 7449700.000 15.893 1725
elev 521027.375 7449760.500 16.815 1725
elev 521027.375 7449760.500 16.815 1726
elev 521027.625 7449779.500 17.749 1727
elev 521027.625 7449779.500 17.815 1726
elev 521028.031 7449831.000 18.749 1727
elev 521028.000 7449883.000 19.716 1727
elev 520864.312 7450371.000 19.286 1727
elev 520864.312 7450371.000 19.286 1728
elev 520843.594 7450417.500 19.815 1728
elev 520885.656 7450324.000 19.159 1727
elev 520957.875 7449524.000 8.252 1724
elev 520962.844 7449531.500 8.229 1724
elev 520962.844 7449531.500 8.229 1725
elev 520991.656 7449584.500 9.102 1725
elev 521012.188 7449641.000 9.989 1725
elev 521023.875 7449700.000 9.893 1725
elev 521027.375 7449760.500 8.815 1725
elev 521027.375 7449760.500 8.815 1726
elev 521027.625 7449779.500 8.815 1726
elev 521027.625 7449779.500 8.749 1727
elev 521028.031 7449831.000 8.749 1727
elev 521028.000 7449883.000 8.716 1727
elev 521025.219 7449935.000 8.698 1727
elev 521018.062 7449986.500 8.697 1727
elev 521006.500 7450037.000 8.712 1727
elev 520990.656 7450086.500 8.745 1727
elev 520971.000 7450134.500 9.794 1727
elev 520949.688 7450182.000 9.861 1727
elev 520928.312 7450229.000 10.944 1727
elev 520906.969 7450276.500 11.944 1727
elev 520885.656 7450324.000 13.159 1727
elev 520864.312 7450371.000 14.286 1727
elev 520864.312 7450371.000 14.286 1728
elev 520843.594 7450417.500 15.615 1728
elev 520824.500 7450465.000 16.843 1728
elev 520807.844 7450513.000 17.871 1728
elev 520793.656 7450562.000 18.400 1728
elev 520957.875 7449524.000 8.252 1723
elev 519534.031 7447988.500 18.318 1721
elev 519559.156 7448033.000 17.990 1721
elev 519589.656 7448073.500 17.648 1721
elev 519625.000 7448110.500 17.292 1721
elev 519663.656 7448143.500 16.926 1721
elev 519704.281 7448174.500 16.552 1721
elev 519746.625 7448202.500 16.173 1721
elev 519790.500 7448228.500 15.790 1721
elev 519835.656 7448252.000 15.406 1721
elev 519881.625 7448274.000 15.022 1721
elev 519927.844 7448295.500 14.639 1721
elev 519973.094 7448319.000 14.260 1721
elev 520015.469 7448347.000 13.883 1721
elev 520053.906 7448380.500 13.511 1721
elev 520087.844 7448418.500 13.143 1721
elev 520116.781 7448460.500 12.780 1721
elev 520141.406 7448505.000 12.423 1721
elev 520164.812 7448550.000 12.071 1721
elev 520188.219 7448595.500 11.726 1721
elev 520211.656 7448640.500 11.388 1721
elev 520235.125 7448686.000 11.056 1721
elev 520235.125 7448686.000 11.056 1722
elev 520258.906 7448730.000 10.928 1722
elev 520285.500 7448773.000 10.801 1722
elev 520316.219 7448812.500 10.673 1722
elev 520349.625 7448850.500 10.546 1722
elev 520383.531 7448887.500 10.418 1722
elev 520417.406 7448924.500 10.291 1722
elev 520451.312 7448961.500 10.163 1722
elev 520485.219 7448999.000 10.035 1722
elev 520519.125 7449036.000 9.908 1722
elev 520553.031 7449073.000 9.780 1722
elev 520586.938 7449110.500 9.653 1722
elev 520620.812 7449147.500 9.525 1722
elev 520654.719 7449184.500 9.398 1722
elev 520688.625 7449222.000 9.270 1722
elev 520722.500 7449259.000 9.143 1722
elev 520756.406 7449296.000 9.015 1722
elev 520790.312 7449333.000 8.887 1722
elev 519494.750 7447788.500 19.578 1720
elev 519494.719 7447840.000 19.263 1720
elev 519501.344 7447891.000 18.948 1720
elev 519514.531 7447941.000 18.633 1720
elev 519534.031 7447988.500 18.318 1720
elev 520824.219 7449370.500 8.860 1722
elev 520858.125 7449407.500 8.932 1722
elev 520892.000 7449444.500 8.905 1722
elev 520925.531 7449482.000 8.677 1722
elev 520925.531 7449482.000 8.677 1723
elev 519528.531 7447079.000 22.311 1719
elev 519529.219 7447130.000 22.133 1719
elev 519529.844 7447181.000 21.962 1719
elev 519530.562 7447232.000 21.797 1719
elev 519531.344 7447283.000 21.638 1719
elev 519532.562 7447334.000 21.483 1719
elev 519535.344 7447384.500 21.330 1719
elev 519539.156 7447435.500 21.178 1719
elev 519542.750 7447486.000 21.024 1719
elev 519543.344 7447537.000 20.866 1719
elev 519538.125 7447587.500 20.699 1719
elev 519527.344 7447637.500 20.522 1719
elev 519527.344 7447637.500 20.522 1720
elev 519513.625 7447687.000 20.207 1720
elev 519501.406 7447737.500 19.893 1720
elev 519431.375 7446634.500 17.396 1719
elev 519438.406 7446685.000 17.111 1719
elev 519451.594 7446734.000 17.841 1719
elev 519468.125 7446782.000 18.586 1719
elev 519484.844 7446830.000 19.345 1719
elev 519501.125 7446878.500 20.117 1719
elev 519514.781 7446927.500 20.900 1719
elev 519523.500 7446977.500 21.694 1719
elev 519527.469 7447028.500 21.998 1719
elev 519467.531 7445927.500 23.214 1718
elev 519455.500 7445976.500 22.718 1718
elev 519446.875 7446026.500 22.222 1718
elev 519441.562 7446076.500 21.727 1718
elev 519441.562 7446076.500 21.727 1719
elev 519439.656 7446127.500 21.243 1719
elev 519441.219 7446178.500 20.776 1719
elev 519445.938 7446229.000 20.326 1719
elev 519451.656 7446279.500 19.894 1719
elev 519455.500 7446330.500 19.481 1719
elev 519454.875 7446381.500 19.087 1719
elev 519449.812 7446432.000 18.712 1719
elev 519442.844 7446482.500 18.356 1719
elev 519435.875 7446533.000 18.018 1719
elev 519430.812 7446583.500 17.699 1719
elev 519569.844 7444398.500 33.814 1716
elev 519579.562 7444448.500 34.006 1716
elev 519595.562 7444497.000 34.197 1716
elev 519595.562 7444497.000 34.197 1717
elev 519619.531 7444550.000 34.398 1717
elev 519644.906 7444602.500 34.587 1717
elev 519670.344 7444655.000 34.768 1717
elev 519695.875 7444707.500 34.942 1717
elev 519719.625 7444761.000 35.111 1717
elev 519719.625 7444761.000 35.111 1718
elev 519735.531 7444809.000 34.615 1718
elev 519746.531 7444858.000 34.120 1718
elev 519752.500 7444908.500 33.624 1718
elev 519753.375 7444959.000 33.128 1718
elev 519749.156 7445009.500 32.633 1718
elev 519739.875 7445059.000 32.137 1718
elev 519726.125 7445107.500 31.641 1718
elev 519710.875 7445156.000 31.145 1718
elev 519695.594 7445204.000 30.650 1718
elev 519680.344 7445252.500 30.154 1718
elev 519665.094 7445300.500 29.658 1718
elev 519649.844 7445348.500 29.162 1718
elev 519634.625 7445397.000 28.667 1718
elev 519619.375 7445445.000 28.171 1718
elev 519604.125 7445493.500 27.675 1718
elev 519588.906 7445541.500 27.180 1718
elev 519573.656 7445590.000 26.684 1718
elev 519558.406 7445638.000 26.188 1718
elev 519543.156 7445686.000 25.692 1718
elev 519527.906 7445734.500 25.197 1718
elev 519512.688 7445782.500 24.701 1718
elev 519497.438 7445831.000 24.205 1718
elev 519482.156 7445879.000 23.710 1718
elev 519804.875 7443847.500 27.719 1716
elev 519778.031 7443891.000 28.710 1716
elev 519751.188 7443934.500 29.701 1716
elev 519724.312 7443978.000 30.092 1716
elev 519697.469 7444021.500 30.484 1716
elev 519670.594 7444064.500 31.075 1716
elev 519643.750 7444108.000 31.566 1716
elev 519617.656 7444152.000 31.858 1716
elev 519595.625 7444198.000 32.049 1716
elev 519579.594 7444246.500 32.540 1716
elev 519569.844 7444296.500 33.032 1716
elev 519566.594 7444347.500 33.523 1716
elev 519476.844 7442297.500 9.424 1708
elev 519506.625 7442256.500 9.330 1708
elev 519535.406 7442215.000 9.231 1708
elev 519564.438 7442173.500 9.131 1708
elev 519595.719 7442134.000 9.031 1708
elev 519631.219 7442098.000 8.933 1708
elev 519670.938 7442066.500 8.838 1708
elev 519714.281 7442040.500 8.747 1708
elev 519760.594 7442020.500 8.661 1708
elev 519809.062 7442006.000 8.582 1708
elev 519858.969 7441998.500 8.509 1708
elev 519909.469 7441997.000 8.443 1708
elev 519959.750 7442002.000 8.384 1708
elev 520009.000 7442013.000 8.333 1708
elev 520056.531 7442030.500 8.291 1708
elev 520102.281 7442052.000 8.256 1708
elev 520146.781 7442076.000 8.231 1708
elev 520189.969 7442102.000 8.214 1708
elev 520231.781 7442130.500 8.207 1708
elev 520272.062 7442161.000 8.209 1708
elev 520310.688 7442193.500 8.222 1708
elev 520347.625 7442228.000 8.244 1708
elev 520382.844 7442264.500 8.277 1708
elev 520416.219 7442302.500 8.320 1708
elev 520447.625 7442342.000 8.373 1708
elev 520447.625 7442342.000 8.373 1709
elev 520459.875 7442359.000 8.397 1709
elev 520459.875 7442359.000 8.397 1710
elev 520490.031 7442408.500 8.476 1710
elev 520513.000 7442461.500 8.567 1710
elev 520527.969 7442517.000 8.672 1710
elev 520534.781 7442574.500 8.790 1710
elev 520534.781 7442574.500 8.790 1711
elev 520534.000 7442624.500 8.940 1711
elev 519366.812 7442395.000 9.678 1706
elev 519366.812 7442395.000 9.678 1707
elev 519426.375 7442351.500 9.551 1707
elev 519476.844 7442297.500 9.424 1707
elev 520526.969 7442674.000 9.090 1711
elev 520513.781 7442722.500 9.241 1711
elev 520494.625 7442769.000 9.391 1711
elev 520494.625 7442769.000 9.391 1712
elev 520455.750 7442838.500 9.670 1712
elev 520455.750 7442838.500 9.670 1713
elev 520428.562 7442884.000 9.874 1713
elev 520400.750 7442928.500 10.101 1713
elev 520372.406 7442973.000 10.352 1713
elev 520342.531 7443016.500 10.629 1713
elev 520309.688 7443058.000 10.935 1713
elev 520273.500 7443096.500 11.269 1713
elev 520234.875 7443132.500 11.632 1713
elev 520195.625 7443167.500 12.025 1713
elev 520156.375 7443203.000 12.447 1713
elev 520118.531 7443240.000 12.897 1713
elev 520083.812 7443279.500 13.372 1713
elev 520052.812 7443322.500 13.873 1713
elev 520025.688 7443367.500 14.695 1713
elev 520025.688 7443367.500 14.695 1714
elev 520009.500 7443399.500 15.761 1714
elev 520009.500 7443399.500 15.761 1715
elev 519987.906 7443451.500 16.752 1715
elev 519968.500 7443504.000 17.759 1715
elev 519949.250 7443556.500 18.780 1715
elev 519929.250 7443608.500 20.011 1715
elev 519907.250 7443660.000 22.050 1715
elev 519883.188 7443710.500 23.793 1715
elev 519857.094 7443760.000 24.836 1716
elev 519857.094 7443760.000 24.836 1715
elev 519831.531 7443804.000 26.527 1716
elev 516954.531 7441625.000 7.015 1702
elev 516997.031 7441651.500 6.943 1702
elev 517039.906 7441677.000 6.870 1702
elev 517082.812 7441702.500 6.795 1702
elev 517125.719 7441728.500 6.720 1702
elev 517168.625 7441754.000 6.645 1702
elev 517211.500 7441780.000 6.571 1702
elev 517254.406 7441805.500 6.498 1702
elev 517297.281 7441831.000 6.428 1702
elev 517340.188 7441857.000 6.360 1702
elev 517383.062 7441882.500 6.297 1702
elev 517425.938 7441908.500 6.238 1702
elev 517468.844 7441934.000 6.186 1702
elev 517511.750 7441959.500 6.142 1702
elev 517554.656 7441985.500 6.107 1702
elev 517597.531 7442011.000 6.084 1702
elev 517640.438 7442037.000 6.073 1702
elev 517683.344 7442062.500 6.077 1702
elev 517726.219 7442088.000 6.098 1702
elev 517769.125 7442114.000 6.138 1702
elev 517812.031 7442139.500 6.197 1702
elev 517854.906 7442165.500 6.280 1702
elev 517897.812 7442191.000 6.386 1702
elev 517940.688 7442216.500 6.517 1702
elev 517983.594 7442242.500 6.674 1702
elev 518026.469 7442268.000 6.858 1702
elev 518069.375 7442294.000 7.070 1702
elev 518112.250 7442319.500 7.308 1702
elev 518155.156 7442345.000 7.574 1702
elev 518155.156 7442345.000 7.574 1703
elev 518204.000 7442374.500 7.914 1703
elev 518252.844 7442403.500 8.287 1703
elev 518301.688 7442433.000 8.692 1703
elev 518301.688 7442433.000 8.692 1704
elev 518347.625 7442460.000 9.091 1704
elev 518394.969 7442484.500 9.513 1704
elev 518444.531 7442503.500 9.952 1704
elev 518495.906 7442517.500 10.406 1704
elev 518548.469 7442526.000 10.868 1704
elev 518601.594 7442529.000 11.335 1704
elev 518654.844 7442529.500 11.798 1704
elev 518708.094 7442529.500 12.250 1704
elev 518708.094 7442529.500 12.250 1705
elev 518760.719 7442529.000 12.334 1705
elev 518813.375 7442528.000 12.417 1705
elev 518866.000 7442527.000 12.500 1705
elev 518918.625 7442525.500 12.583 1705
elev 518971.094 7442521.500 12.666 1705
elev 519023.344 7442515.000 12.750 1705
elev 519075.156 7442506.000 12.833 1705
elev 519126.375 7442493.500 12.916 1705
elev 519176.938 7442479.000 12.999 1705
elev 519176.938 7442479.000 12.999 1706
elev 519225.969 7442462.000 13.041 1706
elev 519274.125 7442442.000 13.048 1706
elev 519321.219 7442420.000 13.025 1706
elev 519321.219 7442420.000 10.025 1706
elev 519176.938 7442479.000 11.999 1705
elev 519176.938 7442479.000 11.999 1706
elev 519126.375 7442493.500 12.616 1705
elev 519225.969 7442462.000 11.541 1706
elev 519274.125 7442442.000 10.948 1706
elev 517385.250 7460733.000 39.744 1751
elev 517347.469 7460766.500 40.337 1751
elev 517344.562 7460769.000 40.403 14019
elev 517326.062 7460787.500 40.494 14019
elev 517309.781 7460800.000 40.589 1751
elev 517272.594 7460834.000 40.699 1751
elev 517237.906 7460870.500 40.772 1751
elev 517204.219 7460908.000 40.908 1751
elev 517424.500 7460701.500 39.707 1751
elev 517468.062 7460676.000 39.727 1751
elev 517515.281 7460658.500 39.705 1751
elev 517564.781 7460649.000 39.741 1751
elev 517615.125 7460648.000 39.738 1751
link 518442.125 7459089.000 8.345 518458.281 7459203.000 10.619
elev 516695.562 7461443.000 38.624 30407
elev 516799.344 7461365.000 36.728 14909
elev 516780.312 7461383.000 37.371 14909
elev 516789.469 7461379.500 36.372 30406
elev 516762.281 7461392.000 38.538 1751
elev 516759.938 7461399.500 38.541 14909
elev 516759.938 7461399.500 38.541 30406
elev 516759.938 7461399.500 38.541 30407
elev 516738.625 7461414.000 38.417 30407
elev 516717.094 7461428.500 38.474 30407
move 516695.562 7461443.000 38.624 516695.186 7461442.451 38.570
elev 517100.219 7461039.000 38.722 14019
elev 517082.844 7461058.500 38.929 14019
elev 517065.375 7461077.500 39.252 14019
elev 517047.062 7461096.000 39.860 14019
elev 517028.031 7461114.000 40.291 14019
elev 516926.812 7461232.000 35.705 14909
elev 516909.188 7461251.500 36.153 14909
elev 516891.375 7461271.000 36.602 14909
elev 516873.094 7461290.000 36.992 14909
elev 516854.500 7461308.500 37.499 14909
elev 516835.969 7461327.000 37.923 14909
elev 516817.656 7461346.000 37.416 14909
elev 516799.344 7461365.000 37.959 14909
elev 516780.312 7461383.000 38.156 14909
elev 516901.375 7461245.500 39.594 14910
elev 516922.750 7461215.500 38.969 14910
elev 516944.938 7461186.000 38.207 14910
elev 516944.938 7461186.000 38.207 14912
elev 516964.500 7461165.000 38.408 14912
elev 516985.156 7461145.500 38.384 14912
elev 517004.062 7461124.000 38.372 14912
elev 517022.906 7461103.000 38.115 14912
elev 516944.938 7461186.000 38.207 14914
elev 516961.406 7461165.500 38.448 14914
elev 516977.875 7461144.500 38.739 14914
elev 516994.344 7461124.000 38.684 14914
elev 516840.375 7461322.500 38.005 25006
elev 516858.562 7461302.500 37.376 25006
elev 516876.750 7461282.000 36.885 25006
elev 516894.938 7461262.000 36.449 25006
elev 516913.125 7461241.500 35.976 25006
elev 516922.344 7461249.500 35.967 28368
elev 516903.344 7461266.500 36.401 28368
elev 516884.125 7461283.000 36.682 28368
elev 516865.094 7461300.000 37.266 28368
elev 516846.219 7461317.500 37.796 28368
elev 516827.188 7461334.000 38.250 28368
elev 516808.062 7461351.000 38.661 28368
elev 516788.969 7461368.000 38.876 28368
elev 517028.031 7461114.000 40.291 29469
elev 517002.688 7461136.000 40.193 29469
elev 516978.656 7461159.500 40.060 29469
elev 515668.781 7434440.500 14.800 1702
elev 515697.969 7434481.500 14.983 1702
elev 515727.156 7434522.000 15.171 1702
elev 515756.312 7434562.500 15.362 1702
elev 515785.344 7434603.000 15.552 1702
elev 515813.094 7434645.000 15.735 1702
elev 515838.719 7434687.500 15.909 1702
elev 515862.156 7434732.000 16.068 1702
elev 515883.406 7434777.000 16.209 1702
elev 515903.312 7434823.000 16.328 1702
elev 515923.094 7434869.000 16.422 1702
elev 515942.906 7434915.000 16.488 1702
elev 515962.688 7434961.000 16.524 1702
elev 515982.500 7435006.500 16.531 1702
elev 516002.250 7435052.500 16.508 1702
elev 516022.031 7435098.500 16.457 1702
elev 516041.812 7435144.500 16.380 1702
elev 516061.594 7435190.500 16.279 1702
elev 516081.375 7435236.500 16.159 1702
elev 516101.156 7435282.500 16.023 1702
elev 516120.938 7435328.000 15.875 1702
elev 516140.719 7435374.000 15.719 1702
elev 516160.500 7435420.000 15.559 1702
elev 516180.281 7435466.000 15.400 1702
elev 516200.062 7435512.000 15.243 1702
elev 516220.281 7435557.500 15.093 1702
elev 516241.281 7435603.000 14.951 1702
elev 516263.031 7435648.000 14.819 1702
elev 516285.531 7435692.500 14.699 1702
elev 516308.688 7435737.000 14.591 1702
elev 516331.906 7435781.500 14.494 1702
elev 516355.125 7435825.500 14.410 1702
elev 516378.344 7435870.000 14.336 1702
elev 516401.094 7435914.500 14.272 1702
elev 516423.156 7435959.500 14.217 1702
elev 516444.531 7436004.500 14.169 1702
elev 516465.281 7436050.000 14.126 1702
elev 516485.375 7436095.500 14.087 1702
elev 516504.844 7436142.000 14.049 1702
elev 516523.625 7436188.000 14.011 1702
elev 516541.719 7436235.000 13.972 1702
elev 516559.188 7436281.500 13.929 1702
elev 516575.969 7436328.500 13.880 1702
elev 516592.094 7436376.000 13.826 1702
elev 516607.500 7436423.500 13.764 1702
elev 516622.219 7436471.500 13.693 1702
elev 516636.250 7436519.500 13.613 1702
elev 516649.594 7436567.500 13.523 1702
elev 516662.281 7436616.000 13.424 1702
elev 516674.281 7436664.500 13.316 1702
elev 516685.594 7436713.000 13.199 1702
elev 516696.188 7436762.000 13.074 1702
elev 516706.094 7436811.000 12.942 1702
elev 516715.281 7436860.500 12.805 1702
elev 516723.781 7436909.500 12.663 1702
elev 516731.594 7436959.000 12.519 1702
elev 516738.719 7437008.500 12.374 1702
elev 516745.062 7437058.000 12.229 1702
elev 516750.719 7437107.500 12.086 1702
elev 516755.625 7437157.500 11.946 1702
elev 516759.875 7437207.500 11.811 1702
elev 516763.531 7437257.000 11.681 1702
elev 516767.156 7437307.000 11.557 1702
elev 516770.719 7437357.000 11.440 1702
elev 516774.344 7437407.000 11.329 1702
elev 516777.906 7437456.500 11.226 1702
elev 516781.500 7437506.500 11.128 1702
elev 516785.094 7437556.500 11.037 1702
elev 516788.250 7437606.500 10.951 1702
elev 516789.906 7437656.500 10.869 1702
elev 516789.875 7437706.500 10.791 1702
elev 516788.219 7437756.000 10.715 1702
elev 516784.844 7437806.000 10.641 1702
elev 516779.781 7437856.000 10.567 1702
elev 516773.312 7437905.500 10.492 1702
elev 516766.500 7437955.000 10.414 1702
elev 516759.656 7438004.500 10.332 1702
elev 516752.844 7438054.000 10.245 1702
elev 516746.000 7438103.500 10.152 1702
elev 516739.156 7438153.000 10.050 1702
elev 516732.344 7438202.500 9.939 1702
elev 516725.531 7438252.000 9.818 1702
elev 516718.688 7438301.500 9.686 1702
elev 516711.875 7438351.500 9.543 1702
elev 516705.062 7438401.000 9.388 1702
elev 516698.250 7438450.500 9.222 1702
elev 516691.406 7438500.000 9.045 1702
elev 516684.594 7438549.500 8.858 1702
elev 516677.750 7438599.000 8.661 1702
elev 516670.938 7438648.500 8.457 1702
elev 516664.125 7438698.000 8.247 1702
elev 516657.312 7438747.500 8.032 1702
elev 516650.500 7438797.000 7.816 1702
elev 516643.688 7438846.500 7.599 1702
elev 516636.875 7438896.000 7.383 1702
elev 516630.062 7438945.500 7.171 1702
elev 516623.250 7438995.500 6.964 1702
elev 516616.438 7439045.000 6.763 1702
elev 516609.594 7439094.500 6.570 1702
elev 516602.781 7439144.000 6.384 1702
elev 516595.969 7439193.500 6.207 1702
elev 516589.156 7439243.000 6.039 1702
elev 516582.344 7439292.500 5.879 1702
elev 516575.531 7439342.000 5.726 1702
elev 516568.719 7439391.500 5.581 1702
elev 516561.906 7439441.000 5.443 1702
elev 516555.062 7439490.500 5.311 1702
elev 516548.250 7439540.000 5.184 1702
elev 516541.438 7439589.500 5.061 1702
elev 516534.594 7439639.000 4.942 1702
elev 516527.781 7439689.000 4.826 1702
elev 516520.938 7439738.500 4.713 1702
elev 516514.125 7439788.000 4.603 1702
elev 516507.312 7439837.500 4.496 1702
elev 516500.500 7439887.000 4.393 1702
elev 516493.688 7439936.500 4.294 1702
elev 516486.875 7439986.000 4.201 1702
elev 516480.031 7440035.500 4.114 1702
elev 516473.250 7440085.000 4.036 1702
elev 516466.406 7440134.500 3.968 1702
elev 516459.594 7440184.000 3.912 1702
elev 516452.750 7440233.500 3.869 1702
elev 516445.938 7440283.000 3.841 1702
elev 516439.094 7440333.000 3.830 1702
elev 516432.250 7440382.500 3.836 1702
elev 516425.438 7440432.000 3.860 1702
elev 516418.594 7440481.500 3.935 1702
elev 516412.094 7440531.000 4.010 1702
elev 516408.562 7440581.000 4.085 1702
elev 516409.875 7440631.000 4.174 1702
elev 516416.125 7440680.500 4.275 1702
elev 516427.312 7440729.000 4.385 1702
elev 516443.250 7440776.500 4.500 1702
elev 516463.688 7440822.000 4.619 1702
elev 516486.500 7440866.500 4.737 1702
elev 516509.531 7440911.000 4.851 1702
elev 516532.594 7440955.500 4.959 1702
elev 516555.656 7440999.500 5.057 1702
elev 516578.719 7441044.000 5.145 1702
elev 516601.750 7441088.500 5.219 1702
elev 516624.812 7441133.000 5.280 1702
elev 516647.875 7441177.000 5.325 1702
elev 516670.938 7441221.500 5.356 1702
elev 516693.969 7441266.000 5.372 1702
elev 516717.031 7441310.500 5.373 1702
elev 516740.094 7441354.500 5.362 1702
elev 516763.156 7441399.000 5.338 1702
elev 516786.562 7441443.000 5.303 1702
elev 516812.625 7441486.000 5.258 1702
elev 516842.719 7441526.000 5.206 1702
elev 516876.625 7441562.500 5.147 1702
elev 516914.000 7441595.500 5.083 1702
elev 515633.156 7434391.000 14.690 1700
elev 515639.594 7434400.000 14.726 1700
elev 513467.781 7428674.500 24.729 1698
elev 513481.562 7428723.000 24.506 1698
elev 513495.375 7428771.000 24.300 1698
elev 513509.156 7428819.500 24.109 1698
elev 513522.969 7428867.500 23.932 1698
elev 513536.781 7428916.000 23.769 1698
elev 513550.562 7428964.000 23.618 1698
elev 513564.344 7429012.500 23.481 1698
elev 513578.156 7429060.500 23.356 1698
elev 513591.969 7429109.000 23.244 1698
elev 513605.750 7429157.000 23.145 1698
elev 513619.562 7429205.000 23.058 1698
elev 513633.375 7429253.500 22.984 1698
elev 513647.188 7429301.500 22.923 1698
elev 513661.000 7429350.000 22.874 1698
elev 513674.781 7429398.000 22.836 1698
elev 513688.625 7429446.500 22.809 1698
elev 513704.062 7429494.000 22.792 1698
elev 513723.094 7429540.500 22.783 1698
elev 513745.844 7429585.000 22.782 1698
elev 513772.219 7429628.000 22.786 1698
elev 513801.750 7429668.500 22.795 1698
elev 513832.719 7429708.000 22.806 1698
elev 513863.844 7429747.000 22.818 1698
elev 513894.938 7429786.500 22.829 1698
elev 513926.000 7429826.000 22.838 1698
elev 513957.031 7429865.500 22.844 1698
elev 513988.062 7429905.000 22.844 1698
elev 514019.094 7429944.500 22.838 1698
elev 514050.094 7429983.500 22.825 1698
elev 514081.156 7430023.000 22.803 1698
elev 514112.219 7430062.500 22.774 1698
elev 514143.250 7430102.000 22.735 1698
elev 514174.312 7430141.500 22.687 1698
elev 514205.375 7430180.500 22.629 1698
elev 514236.438 7430220.000 22.562 1698
elev 514267.500 7430259.500 22.485 1698
elev 514298.562 7430299.000 22.398 1698
elev 514329.625 7430338.500 22.303 1698
elev 514360.688 7430377.500 22.199 1698
elev 514391.719 7430417.000 22.087 1698
elev 514422.781 7430456.500 21.968 1698
elev 514453.844 7430496.000 21.841 1698
elev 514484.875 7430535.500 21.708 1698
elev 514515.938 7430574.500 21.570 1698
elev 514547.000 7430614.000 21.428 1698
elev 514578.062 7430653.500 21.282 1698
elev 514609.094 7430693.000 21.135 1698
elev 514640.156 7430732.500 20.987 1698
elev 514671.219 7430771.500 20.839 1698
elev 514702.281 7430811.000 20.693 1698
elev 514733.344 7430850.500 20.550 1698
elev 514764.375 7430890.000 20.411 1698
elev 514795.438 7430929.500 20.278 1698
elev 514826.500 7430968.500 20.152 1698
elev 514857.562 7431008.000 20.033 1698
elev 514888.625 7431047.500 19.922 1698
elev 514919.688 7431087.000 19.819 1698
elev 514950.719 7431126.500 19.726 1698
elev 514981.781 7431165.500 19.641 1698
elev 515012.844 7431205.000 19.564 1698
elev 515043.906 7431244.500 19.495 1698
elev 515074.844 7431284.000 19.433 1698
elev 515104.094 7431324.500 19.377 1698
elev 515130.281 7431367.500 19.326 1698
elev 515153.125 7431412.000 19.279 1698
elev 515172.500 7431458.500 19.233 1698
elev 515187.938 7431506.000 19.188 1698
elev 515198.719 7431555.000 19.143 1698
elev 515204.562 7431605.000 19.096 1698
elev 515205.375 7431655.000 19.046 1698
elev 515201.125 7431705.000 18.992 1698
elev 515192.031 7431754.500 18.934 1698
elev 515179.531 7431803.000 18.869 1698
elev 515165.719 7431851.000 18.799 1698
elev 515152.312 7431899.500 18.723 1698
elev 515140.344 7431948.000 18.639 1698
elev 515130.344 7431997.500 18.549 1698
elev 515122.312 7432047.000 18.451 1698
elev 515116.312 7432096.500 18.347 1698
elev 515112.344 7432146.500 18.235 1698
elev 515109.750 7432197.000 18.115 1698
elev 515107.812 7432247.000 17.989 1698
elev 515106.531 7432297.000 17.855 1698
elev 515107.094 7432347.500 17.714 1698
elev 515109.875 7432397.500 17.566 1698
elev 515113.875 7432447.500 17.412 1698
elev 515118.000 7432497.500 17.251 1698
elev 515122.125 7432547.500 17.085 1698
elev 515125.750 7432597.500 16.914 1698
elev 515128.062 7432647.500 16.739 1698
elev 515129.125 7432697.500 16.560 1698
elev 515128.688 7432748.000 16.379 1698
elev 515125.344 7432798.000 16.198 1698
elev 515117.625 7432847.500 16.017 1698
elev 515105.500 7432896.000 15.838 1698
elev 515090.344 7432944.000 15.661 1698
elev 515074.531 7432991.500 15.489 1698
elev 515058.719 7433039.000 15.323 1698
elev 515042.938 7433086.500 15.163 1698
elev 515027.094 7433134.500 15.010 1698
elev 515012.562 7433182.500 14.866 1698
elev 515001.812 7433231.500 14.731 1698
elev 514995.562 7433281.000 14.604 1698
elev 514993.938 7433331.000 14.488 1698
elev 514996.906 7433381.500 14.381 1698
elev 515004.375 7433431.000 14.284 1698
elev 515016.312 7433479.500 14.197 1698
elev 515032.688 7433527.000 14.118 1698
elev 515053.281 7433572.500 14.049 1698
elev 515077.969 7433616.500 13.989 1698
elev 515106.000 7433658.000 13.937 1698
elev 515135.281 7433698.500 13.894 1698
elev 515164.562 7433739.500 13.859 1698
elev 515193.875 7433780.000 13.833 1698
elev 515223.156 7433821.000 13.814 1698
elev 515252.438 7433861.500 13.805 1698
elev 515281.750 7433902.500 13.804 1698
elev 515311.031 7433943.000 13.814 1698
elev 515340.312 7433984.000 13.834 1698
elev 515369.594 7434024.500 13.865 1698
elev 515398.906 7434065.500 13.910 1698
elev 515428.188 7434106.000 13.967 1698
elev 515457.469 7434146.500 14.040 1698
elev 515486.750 7434187.500 14.127 1698
elev 515516.062 7434228.000 14.229 1698
elev 515545.344 7434269.000 14.347 1698
elev 515574.594 7434309.500 14.481 1698
elev 515603.875 7434350.500 14.629 1698
elev 514205.375 7430180.500 22.729 1698
elev 514174.312 7430141.500 22.887 1698
elev 514143.250 7430102.000 23.035 1698
elev 514112.219 7430062.500 23.174 1698
elev 514081.156 7430023.000 23.303 1698
elev 514098.000 7430044.500 23.165 30416
elev 514081.844 7430023.000 23.318 30416
elev 514050.094 7429983.500 23.425 1698
elev 514051.062 7429978.500 23.493 30416
elev 514019.094 7429944.500 23.438 1698
elev 513467.781 7428674.500 25.329 1698
elev 513481.562 7428723.000 25.106 1698
elev 513495.375 7428771.000 24.900 1698
elev 513509.156 7428819.500 24.709 1698
elev 513522.969 7428867.500 24.532 1698
elev 513536.781 7428916.000 24.369 1698
elev 513550.562 7428964.000 24.218 1698
elev 513564.344 7429012.500 24.081 1698
elev 513578.156 7429060.500 23.956 1698
elev 513591.969 7429109.000 23.844 1698
elev 513605.750 7429157.000 23.745 1698
elev 513619.562 7429205.000 23.658 1698
elev 513633.375 7429253.500 23.584 1698
elev 513647.188 7429301.500 23.523 1698
elev 513661.000 7429350.000 23.474 1698
elev 513674.781 7429398.000 23.436 1698
elev 513688.625 7429446.500 23.409 1698
elev 513704.062 7429494.000 23.392 1698
elev 513723.094 7429540.500 23.383 1698
elev 513745.844 7429585.000 23.382 1698
elev 513772.219 7429628.000 23.386 1698
elev 513801.750 7429668.500 23.395 1698
elev 513832.719 7429708.000 23.406 1698
elev 513863.844 7429747.000 23.418 1698
elev 513894.938 7429786.500 23.429 1698
elev 513926.000 7429826.000 23.438 1698
elev 513957.031 7429865.500 23.444 1698
elev 513988.062 7429905.000 23.444 1698
elev 513584.906 7429084.500 23.901 22210
elev 513592.438 7429108.500 23.862 22210
elev 513600.531 7429132.500 23.866 22210
elev 513609.094 7429156.500 23.645 22210
elev 513617.156 7429180.500 23.436 22210
elev 513624.500 7429205.000 23.708 22210
elev 513631.406 7429229.000 23.370 22210
elev 513638.344 7429253.500 23.512 22210
elev 513645.281 7429278.000 23.520 22210
elev 513652.312 7429302.000 23.546 22210
elev 513659.344 7429326.500 23.297 22210
elev 513666.344 7429351.000 21.336 22210
elev 513673.312 7429375.500 21.576 22210
elev 513680.250 7429399.500 22.051 22210
elev 513687.188 7429424.000 22.138 22210
elev 513694.219 7429448.500 22.436 22210
elev 513701.812 7429472.500 23.495 22210
elev 513710.344 7429496.500 23.472 22210
elev 513720.000 7429520.000 22.681 22210
elev 513730.500 7429543.000 22.032 22210
elev 513742.281 7429565.000 21.975 22210
elev 513755.000 7429587.000 22.157 22210
elev 513768.625 7429608.500 21.865 22210
elev 513783.062 7429629.500 21.931 22210
elev 513798.469 7429649.500 25.915 22210
elev 513814.062 7429669.500 26.220 22210
elev 513829.719 7429689.500 24.527 22210
elev 513845.469 7429709.000 27.048 22210
elev 513861.250 7429729.000 26.169 22210
elev 513876.969 7429749.000 26.164 22210
elev 513892.656 7429769.000 24.915 22210
elev 513908.312 7429788.500 23.394 22210
elev 513924.000 7429808.500 23.551 22210
elev 513939.656 7429828.500 24.259 22210
elev 513955.344 7429848.500 24.539 22210
elev 513955.344 7429848.500 24.539 30416
elev 513971.906 7429869.500 24.252 30416
elev 513988.469 7429891.000 23.984 30416
elev 514005.031 7429912.000 23.973 30416
elev 514035.969 7429956.500 23.561 30416
elev 514020.812 7429934.000 23.677 30416
elev 513955.344 7429848.500 24.539 12144
elev 513940.406 7429827.500 24.273 12144
elev 513927.125 7429805.500 24.391 12144
elev 513924.406 7429800.000 24.447 29050
elev 513915.781 7429782.000 24.652 12144
elev 513906.219 7429776.500 24.580 29050
elev 513911.719 7429773.500 24.571 29051
elev 513904.625 7429759.000 24.515 12144
elev 513900.375 7429750.000 24.910 29052
elev 513893.438 7429750.000 25.073 29051
elev 513888.062 7429753.000 25.127 29050
elev 513869.906 7429729.500 25.079 29050
elev 513875.156 7429726.000 24.997 29051
elev 513893.469 7429735.500 24.956 12144
elev 513881.469 7429725.000 24.970 29052
elev 513862.531 7429699.500 25.052 29052
elev 513882.344 7429712.500 25.136 12144
elev 513871.500 7429689.000 25.004 12144
elev 513860.656 7429665.500 25.056 12144
elev 513843.594 7429674.500 24.349 29052
elev 513838.594 7429678.500 24.550 29051
elev 513833.562 7429683.000 24.418 29050
elev 513833.562 7429683.000 24.418 29050
elev 514066.219 7430001.000 23.329 30416
elev 513845.469 7429709.000 25.848 22210
elev 513829.719 7429689.500 24.827 22210
elev 513814.062 7429669.500 24.420 22210
elev 513798.469 7429649.500 24.115 22210
elev 513783.062 7429629.500 24.031 22210
elev 513768.625 7429608.500 23.865 22210
elev 513755.000 7429587.000 23.157 22210
elev 513742.281 7429565.000 23.075 22210
elev 513730.500 7429543.000 23.032 22210
elev 513720.000 7429520.000 23.381 22210
link 515603.900 7434350.500 14.630 515633.200 7434391.000 14.690
link 515639.600 7434400.000 14.730 515668.800 7434440.500 14.800
elev 513118.688 7424972.500 87.595 1698
elev 513084.094 7425009.000 86.681 1698
elev 513049.844 7425045.500 85.761 1698
elev 513016.094 7425082.500 84.834 1698
elev 512982.844 7425120.000 83.902 1698
elev 512950.031 7425158.000 82.964 1698
elev 512917.750 7425196.500 82.020 1698
elev 512887.156 7425236.500 81.073 1698
elev 512860.188 7425278.500 80.121 1698
elev 512837.562 7425323.500 79.166 1698
elev 512819.531 7425370.000 78.208 1698
elev 512806.250 7425418.500 77.249 1698
elev 512797.906 7425468.000 76.290 1698
elev 512793.844 7425518.000 75.332 1698
elev 512791.406 7425568.000 74.376 1698
elev 512789.312 7425618.000 73.424 1698
elev 512787.500 7425668.500 72.478 1698
elev 512786.969 7425718.500 71.538 1698
elev 512791.188 7425768.500 70.606 1698
elev 512801.469 7425817.500 69.684 1698
elev 512817.469 7425865.000 68.772 1698
elev 512838.594 7425910.500 67.872 1698
elev 512862.375 7425954.500 66.985 1698
elev 512886.156 7425999.000 66.110 1698
elev 512908.500 7426043.500 65.249 1698
elev 512928.562 7426089.500 64.400 1698
elev 512946.312 7426136.500 63.563 1698
elev 512962.562 7426184.000 62.737 1698
elev 512977.688 7426232.000 61.921 1698
elev 512991.750 7426280.000 61.113 1698
elev 513004.719 7426328.500 60.312 1698
elev 513016.562 7426377.500 59.516 1698
elev 513027.219 7426426.500 58.722 1698
elev 513036.656 7426475.500 57.929 1698
elev 513042.344 7426525.500 57.134 1698
elev 513042.031 7426575.500 56.336 1698
elev 513037.250 7426625.500 55.534 1698
elev 513031.531 7426675.500 54.724 1698
elev 513026.406 7426725.000 53.907 1698
elev 513025.438 7426775.500 53.081 1698
elev 513030.656 7426825.000 52.245 1698
elev 513041.188 7426874.500 51.398 1698
elev 513053.531 7426923.000 50.540 1698
elev 513065.969 7426971.500 49.671 1698
elev 513078.375 7427020.000 48.791 1698
elev 513090.906 7427068.500 47.900 1698
elev 513104.969 7427117.000 46.998 1698
elev 513121.531 7427164.000 46.087 1698
elev 513139.906 7427211.000 45.167 1698
elev 513158.750 7427257.500 44.240 1698
elev 513175.625 7427304.500 43.307 1698
elev 513187.906 7427353.000 42.371 1698
elev 513195.062 7427403.000 41.433 1698
elev 513199.156 7427453.000 40.497 1698
elev 513202.938 7427503.000 39.565 1698
elev 513208.312 7427552.500 38.640 1698
elev 513216.469 7427602.000 37.726 1698
elev 513227.281 7427651.000 36.827 1698
elev 513239.156 7427700.000 35.946 1698
elev 513250.688 7427749.000 35.087 1698
elev 513260.469 7427798.000 34.253 1698
elev 513267.656 7427847.500 33.448 1698
elev 513273.062 7427897.500 32.675 1698
elev 513277.969 7427947.500 31.936 1698
elev 513283.656 7427997.500 31.234 1698
elev 513291.594 7428047.000 30.571 1698
elev 513302.688 7428095.500 29.947 1698
elev 513316.031 7428144.000 29.363 1698
elev 513329.844 7428192.500 28.819 1698
elev 513343.625 7428240.500 28.314 1698
elev 513357.438 7428289.000 27.847 1698
elev 513371.219 7428337.000 27.417 1698
elev 513385.031 7428385.500 27.020 1698
elev 513398.812 7428433.500 26.656 1698
elev 513412.594 7428481.500 26.321 1698
elev 513426.406 7428530.000 26.014 1698
elev 513440.188 7428578.000 25.731 1698
elev 513453.969 7428626.500 25.470 1698
elev 513468.125 7424239.000 102.183 1696
elev 513467.500 7424290.000 101.337 1696
elev 513466.844 7424341.500 100.488 1696
elev 513465.312 7424392.500 99.634 1696
elev 513460.156 7424443.500 98.775 1696
elev 513449.875 7424493.500 97.910 1696
elev 513434.469 7424542.500 97.041 1696
elev 513414.188 7424589.500 96.166 1696
elev 513389.250 7424634.500 95.286 1696
elev 513361.406 7424677.500 94.401 1696
elev 513332.781 7424720.000 93.511 1696
elev 513303.562 7424762.000 92.615 1696
elev 513273.750 7424804.000 91.713 1696
elev 513241.906 7424844.000 90.806 1696
elev 513207.438 7424882.000 89.893 1696
elev 513207.438 7424882.000 89.893 1697
elev 513163.031 7424927.000 88.744 1697
elev 513118.688 7424972.500 87.595 1697
elev 513051.594 7420705.000 149.952 1686
elev 513081.719 7420747.500 149.087 1686
elev 513108.781 7420791.500 148.209 1686
elev 513134.281 7420837.000 147.319 1686
elev 513159.625 7420882.500 146.419 1686
elev 513184.969 7420928.000 145.512 1686
elev 513210.281 7420973.500 144.600 1686
elev 513235.625 7421018.500 143.687 1686
elev 513260.969 7421064.000 142.773 1686
elev 513285.469 7421110.000 141.863 1686
elev 513305.625 7421158.000 140.957 1686
elev 513320.344 7421208.000 140.058 1686
elev 513332.969 7421258.000 139.169 1686
elev 513345.594 7421308.500 138.292 1686
elev 513359.531 7421359.000 137.429 1686
elev 513376.531 7421408.000 136.581 1686
elev 513395.906 7421456.000 135.751 1686
elev 513415.750 7421504.000 134.940 1686
elev 513435.406 7421552.500 134.152 1686
elev 513452.625 7421601.500 133.386 1686
elev 513463.844 7421652.000 132.646 1686
elev 513468.406 7421704.000 131.931 1686
elev 513466.125 7421756.000 131.242 1686
elev 513466.125 7421756.000 131.242 1687
elev 513456.500 7421810.000 130.671 1687
elev 513439.594 7421862.000 130.100 1687
elev 513416.250 7421912.000 129.528 1687
elev 513390.500 7421960.500 128.957 1687
elev 513364.594 7422008.500 128.386 1687
elev 513340.625 7422058.000 127.815 1687
elev 513340.625 7422058.000 127.815 1688
elev 513322.188 7422112.500 127.237 1688
elev 513311.594 7422169.000 126.678 1688
elev 513309.219 7422226.500 126.134 1688
elev 513315.125 7422283.500 125.605 1688
elev 513328.938 7422339.500 125.090 1688
elev 513346.625 7422394.000 124.589 1688
elev 513346.625 7422394.000 124.589 1689
elev 513355.625 7422421.500 124.340 1689
elev 513355.625 7422421.500 124.340 1690
elev 513371.250 7422472.000 123.898 1690
elev 513383.062 7422523.500 123.466 1690
elev 513389.438 7422576.000 123.045 1690
elev 513391.688 7422628.500 122.632 1690
elev 513393.000 7422681.000 122.228 1690
elev 513394.281 7422734.000 121.828 1690
elev 513395.531 7422786.500 121.430 1690
elev 513396.812 7422839.500 121.031 1690
elev 513398.094 7422892.000 120.624 1690
elev 513399.375 7422945.000 120.206 1690
elev 513400.688 7422997.500 119.771 1690
elev 513401.969 7423050.500 119.313 1690
elev 513403.250 7423103.000 118.827 1690
elev 513404.562 7423156.000 118.308 1690
elev 513405.812 7423208.500 117.753 1690
elev 513406.375 7423261.000 117.160 1690
elev 513406.375 7423261.000 117.160 1691
elev 513397.625 7423343.500 116.131 1691
elev 513397.625 7423343.500 116.131 1692
elev 513384.312 7423392.000 115.467 1692
elev 513366.438 7423439.500 114.771 1692
elev 513347.219 7423486.500 114.043 1692
elev 513329.656 7423534.000 113.289 1692
elev 513316.750 7423582.500 112.511 1692
elev 513310.000 7423633.000 111.716 1692
elev 513309.469 7423683.500 110.906 1692
elev 513315.250 7423733.500 110.087 1692
elev 513327.406 7423782.500 109.261 1692
elev 513345.562 7423830.000 108.431 1692
elev 513368.750 7423875.000 107.601 1692
elev 513394.062 7423918.500 106.770 1692
elev 513418.719 7423963.000 105.941 1692
elev 513440.000 7424008.500 105.112 1692
elev 513455.750 7424057.000 104.285 1692
elev 513465.344 7424106.500 103.457 1692
elev 512711.062 7420197.000 159.026 1683
elev 512740.250 7420246.500 158.266 1683
elev 512740.250 7420246.500 158.266 1684
elev 512770.250 7420289.000 157.575 1684
elev 512802.219 7420330.000 156.874 1684
elev 512834.500 7420370.500 156.161 1684
elev 512864.844 7420413.000 155.435 1684
elev 512891.562 7420457.500 154.692 1684
elev 512915.594 7420503.500 153.932 1684
elev 512915.594 7420503.500 153.932 1685
elev 512944.062 7420557.000 152.937 1685
elev 512976.688 7420608.500 151.942 1685
elev 513013.750 7420657.000 150.947 1685
elev 513051.594 7420705.000 149.952 1685
elev 512648.219 7413815.000 266.844 1680
elev 512622.344 7413857.500 266.079 1680
elev 512594.625 7413899.500 265.313 1680
elev 512566.781 7413941.000 264.549 1680
elev 512539.844 7413983.000 263.787 1680
elev 512516.812 7414027.500 263.031 1680
elev 512499.281 7414074.000 262.280 1680
elev 512487.688 7414123.000 261.535 1680
elev 512481.938 7414172.500 260.798 1680
elev 512479.312 7414222.500 260.068 1680
elev 512477.438 7414272.500 259.344 1680
elev 512476.156 7414322.500 258.627 1680
elev 512475.938 7414372.500 257.915 1680
elev 512477.625 7414422.500 257.208 1680
elev 512480.875 7414472.500 256.505 1680
elev 512484.625 7414522.000 255.804 1680
elev 512487.000 7414572.000 255.105 1680
elev 512485.406 7414622.000 254.405 1680
elev 512478.438 7414671.500 253.705 1680
elev 512465.969 7414720.000 253.002 1680
elev 512448.281 7414766.500 252.296 1680
elev 512427.781 7414812.500 251.585 1680
elev 512406.906 7414858.000 250.868 1680
elev 512386.000 7414903.000 250.145 1680
elev 512365.094 7414948.500 249.415 1680
elev 512344.188 7414994.000 248.676 1680
elev 512323.281 7415039.500 247.929 1680
elev 512302.438 7415085.000 247.172 1680
elev 512283.750 7415131.500 246.405 1680
elev 512269.438 7415179.500 245.629 1680
elev 512259.938 7415228.500 244.842 1680
elev 512255.312 7415278.000 244.046 1680
elev 512254.125 7415328.000 243.239 1680
elev 512254.094 7415378.000 242.424 1680
elev 512254.656 7415428.000 241.601 1680
elev 512256.625 7415478.000 240.770 1680
elev 512262.250 7415528.000 239.934 1680
elev 512272.562 7415577.000 239.092 1680
elev 512287.000 7415624.500 238.248 1680
elev 512303.031 7415672.000 237.402 1680
elev 512319.031 7415719.500 236.555 1680
elev 512334.531 7415767.000 235.710 1680
elev 512348.500 7415815.000 234.868 1680
elev 512360.719 7415863.500 234.030 1680
elev 512371.281 7415912.500 233.197 1680
elev 512380.062 7415961.500 232.371 1680
elev 512387.094 7416011.000 231.552 1680
elev 512392.312 7416061.000 230.741 1680
elev 512395.781 7416110.500 229.938 1680
elev 512397.344 7416160.500 229.143 1680
elev 512397.250 7416210.500 228.357 1680
elev 512396.000 7416260.500 227.578 1680
elev 512394.500 7416310.500 226.807 1680
elev 512393.000 7416360.500 226.042 1680
elev 512391.500 7416410.500 225.284 1680
elev 512389.281 7416460.500 224.531 1680
elev 512383.844 7416510.500 223.783 1680
elev 512373.750 7416559.500 223.039 1680
elev 512358.938 7416607.000 222.299 1680
elev 512340.281 7416653.500 221.560 1680
elev 512320.125 7416699.500 220.825 1680
elev 512300.250 7416745.000 220.090 1680
elev 512281.688 7416791.500 219.357 1680
elev 512265.094 7416839.000 218.623 1680
elev 512250.250 7416886.500 217.890 1680
elev 512236.094 7416934.500 217.156 1680
elev 512221.250 7416982.500 216.422 1680
elev 512203.375 7417029.000 215.686 1680
elev 512181.281 7417074.000 214.948 1680
elev 512155.406 7417116.500 214.209 1680
elev 512127.719 7417158.500 213.468 1680
elev 512099.625 7417199.500 212.726 1680
elev 512071.000 7417240.500 211.982 1680
elev 512040.656 7417280.500 211.239 1680
elev 512006.844 7417317.000 210.495 1680
elev 511969.750 7417351.000 209.753 1680
elev 511931.000 7417382.500 209.013 1680
elev 511891.969 7417413.500 208.276 1680
elev 511853.250 7417445.500 207.544 1680
elev 511817.281 7417480.000 206.817 1680
elev 511786.094 7417519.000 206.095 1680
elev 511759.938 7417561.500 205.381 1680
elev 511737.094 7417606.000 204.673 1680
elev 511714.688 7417651.000 203.971 1680
elev 511692.250 7417695.500 203.276 1680
elev 511669.750 7417740.000 202.585 1680
elev 511647.875 7417785.000 201.899 1680
elev 511629.594 7417831.500 201.214 1680
elev 511616.969 7417880.000 200.531 1680
elev 511610.562 7417929.500 199.846 1680
elev 511607.969 7417979.500 199.157 1680
elev 511606.094 7418029.500 198.464 1680
elev 511604.219 7418079.500 197.764 1680
elev 511602.406 7418129.500 197.056 1680
elev 511600.594 7418179.500 196.338 1680
elev 511598.750 7418229.500 195.610 1680
elev 511596.938 7418279.500 194.871 1680
elev 511595.344 7418329.500 194.121 1680
elev 511596.375 7418379.500 193.361 1680
elev 511601.719 7418429.000 192.590 1680
elev 511611.531 7418478.000 191.810 1680
elev 511625.750 7418526.000 191.020 1680
elev 511644.312 7418572.500 190.223 1680
elev 511667.062 7418617.000 189.419 1680
elev 511693.500 7418659.500 188.610 1680
elev 511721.625 7418701.000 187.796 1680
elev 511749.875 7418742.000 186.978 1680
elev 511778.156 7418783.500 186.159 1680
elev 511806.438 7418824.500 185.338 1680
elev 511834.781 7418866.000 184.517 1680
elev 511863.094 7418907.000 183.697 1680
elev 511891.406 7418948.500 182.877 1680
elev 511919.406 7418990.000 182.060 1680
elev 511945.688 7419032.500 181.245 1680
elev 511969.969 7419076.000 180.433 1680
elev 511992.094 7419121.000 179.626 1680
elev 512013.000 7419166.500 178.822 1680
elev 512033.812 7419212.000 178.024 1680
elev 512054.719 7419257.500 177.230 1680
elev 512077.000 7419302.000 176.442 1680
elev 512101.469 7419345.500 175.660 1680
elev 512128.031 7419388.000 174.885 1680
elev 512156.094 7419429.500 174.116 1680
elev 512184.531 7419470.500 173.353 1680
elev 512212.938 7419511.500 172.598 1680
elev 512241.375 7419553.000 171.849 1680
elev 512270.125 7419594.000 171.108 1680
elev 512301.031 7419633.000 170.375 1680
elev 512335.438 7419669.500 169.649 1680
elev 512372.438 7419703.000 168.931 1680
elev 512410.250 7419736.000 168.220 1680
elev 512447.281 7419769.500 167.518 1680
elev 512482.250 7419805.000 166.823 1680
elev 512515.031 7419843.000 166.136 1680
elev 512546.688 7419881.500 165.456 1680
elev 512577.656 7419921.000 164.783 1680
elev 512605.594 7419962.500 164.116 1680
elev 512628.531 7420007.000 163.454 1680
elev 512648.250 7420052.500 162.796 1680
elev 512667.438 7420099.000 162.140 1680
elev 517780.562 7408453.000 390.223 1674
elev 517730.125 7408453.000 389.390 1674
elev 517679.938 7408458.000 388.554 1674
elev 517630.500 7408468.000 387.715 1674
elev 517582.250 7408482.500 386.875 1674
elev 517535.750 7408502.000 386.035 1674
elev 517491.375 7408526.000 385.195 1674
elev 517448.469 7408552.500 384.357 1674
elev 517405.750 7408579.500 383.521 1674
elev 517363.062 7408606.500 382.688 1674
elev 517320.344 7408633.000 381.859 1674
elev 517277.938 7408660.500 381.036 1674
elev 517237.438 7408690.500 380.220 1674
elev 517200.094 7408724.500 379.411 1674
elev 517166.281 7408762.000 378.611 1674
elev 517135.781 7408802.000 377.820 1674
elev 517106.594 7408843.000 377.042 1674
elev 517077.469 7408884.500 376.275 1674
elev 517047.750 7408925.000 375.523 1674
elev 517015.750 7408964.000 374.787 1674
elev 516980.844 7409000.500 374.068 1674
elev 516943.219 7409034.000 373.367 1674
elev 516903.281 7409065.000 372.686 1674
elev 516862.000 7409094.000 372.026 1674
elev 516820.562 7409122.500 371.387 1674
elev 516779.156 7409151.500 370.769 1674
elev 516737.781 7409180.500 370.173 1674
elev 516696.344 7409209.000 369.597 1674
elev 516654.906 7409238.000 369.040 1674
elev 516613.500 7409266.500 368.500 1674
elev 516571.844 7409295.000 367.975 1674
elev 516529.156 7409322.000 367.462 1674
elev 516485.375 7409347.000 366.957 1674
elev 516441.219 7409371.500 366.458 1674
elev 516397.094 7409396.000 365.960 1674
elev 516352.938 7409420.500 365.459 1674
elev 516308.812 7409444.500 364.952 1674
elev 516264.969 7409469.500 364.435 1674
elev 516221.719 7409495.500 363.905 1674
elev 516179.188 7409523.000 363.359 1674
elev 516137.500 7409551.000 362.796 1674
elev 516096.625 7409581.000 362.213 1674
elev 516056.719 7409611.500 361.610 1674
elev 516018.469 7409644.500 360.987 1674
elev 515982.844 7409680.000 360.343 1674
elev 515949.906 7409718.500 359.680 1674
elev 515918.156 7409757.500 358.997 1674
elev 515886.500 7409797.000 358.298 1674
elev 515854.875 7409836.000 357.582 1674
elev 515823.219 7409875.500 356.851 1674
elev 515791.781 7409915.000 356.108 1674
elev 515762.312 7409956.000 355.353 1674
elev 515736.969 7409999.500 354.588 1674
elev 515716.125 7410045.500 353.814 1674
elev 515699.938 7410093.000 353.034 1674
elev 515688.219 7410142.000 352.247 1674
elev 515678.781 7410191.500 351.455 1674
elev 515678.781 7410191.500 351.455 1675
elev 515668.438 7410246.500 350.568 1675
elev 515656.031 7410301.000 349.681 1675
elev 515656.031 7410301.000 349.681 1676
elev 515640.500 7410348.500 348.886 1676
elev 515620.344 7410394.500 348.089 1676
elev 515596.312 7410438.500 347.291 1676
elev 515570.844 7410481.500 346.493 1676
elev 515545.344 7410524.500 345.694 1676
elev 515520.781 7410568.000 344.895 1676
elev 515499.781 7410613.500 344.096 1676
elev 515483.500 7410660.500 343.296 1676
elev 515471.344 7410709.000 342.495 1676
elev 515460.500 7410758.000 341.692 1676
elev 515449.625 7410807.000 340.887 1676
elev 515437.625 7410855.500 340.079 1676
elev 515423.312 7410903.500 339.267 1676
elev 515406.625 7410950.500 338.451 1676
elev 515387.625 7410996.500 337.630 1676
elev 515366.281 7411042.000 336.803 1676
elev 515342.406 7411086.000 335.970 1676
elev 515314.844 7411127.500 335.131 1676
elev 515283.344 7411166.500 334.286 1676
elev 515248.281 7411202.000 333.435 1676
elev 515211.375 7411236.000 332.579 1676
elev 515174.281 7411269.500 331.719 1676
elev 515137.219 7411303.000 330.856 1676
elev 515101.375 7411338.000 329.991 1676
elev 515068.625 7411375.500 329.125 1676
elev 515039.688 7411416.500 328.259 1676
elev 515013.625 7411459.000 327.394 1676
elev 514988.188 7411502.500 326.532 1676
elev 514962.750 7411545.500 325.673 1676
elev 514937.375 7411588.500 324.816 1676
elev 514911.906 7411631.500 323.964 1676
elev 514885.875 7411674.000 323.115 1676
elev 514858.812 7411716.500 322.269 1676
elev 514830.812 7411757.500 321.425 1676
elev 514802.219 7411799.000 320.583 1676
elev 514773.438 7411839.500 319.741 1676
elev 514744.500 7411880.500 318.898 1676
elev 514715.188 7411921.000 318.052 1676
elev 514685.188 7411961.000 317.204 1676
elev 514652.688 7411999.000 316.350 1676
elev 514616.656 7412033.500 315.491 1676
elev 514577.656 7412065.000 314.625 1676
elev 514537.125 7412094.500 313.752 1676
elev 514496.469 7412123.500 312.872 1676
elev 514456.125 7412153.000 311.985 1676
elev 514416.125 7412183.000 311.091 1676
elev 514376.250 7412213.500 310.191 1676
elev 514336.375 7412243.500 309.286 1676
elev 514296.500 7412274.000 308.376 1676
elev 514256.781 7412304.000 307.464 1676
elev 514217.562 7412335.000 306.550 1676
elev 514178.844 7412367.000 305.636 1676
elev 514140.188 7412398.500 304.723 1676
elev 514101.250 7412430.000 303.811 1676
elev 514061.344 7412460.000 302.903 1676
elev 514020.750 7412489.500 301.999 1676
elev 513979.969 7412518.500 301.100 1676
elev 513939.219 7412547.500 300.205 1676
elev 513898.469 7412576.500 299.317 1676
elev 513857.688 7412605.500 298.433 1676
elev 513816.938 7412634.500 297.556 1676
elev 513776.188 7412663.500 296.684 1676
elev 513735.406 7412692.500 295.819 1676
elev 513694.656 7412721.500 294.959 1676
elev 513653.906 7412750.500 294.106 1676
elev 513613.156 7412779.500 293.258 1676
elev 513572.375 7412808.500 292.417 1676
elev 513531.250 7412837.000 291.582 1676
elev 513489.812 7412865.000 290.754 1676
elev 513448.281 7412893.000 289.934 1676
elev 513406.906 7412921.000 289.122 1676
elev 513366.219 7412950.000 288.319 1676
elev 513326.531 7412980.500 287.524 1676
elev 513287.781 7413012.000 286.740 1676
elev 513249.781 7413044.500 285.965 1676
elev 513211.719 7413077.000 285.201 1676
elev 513172.281 7413108.000 284.447 1676
elev 513130.500 7413135.500 283.703 1676
elev 513086.219 7413158.500 282.970 1676
elev 513040.312 7413178.500 282.246 1676
elev 512994.031 7413197.500 281.530 1676
elev 512947.938 7413217.000 280.822 1676
elev 512903.312 7413239.500 280.120 1676
elev 512861.750 7413267.000 279.423 1676
elev 512823.969 7413300.000 278.727 1676
elev 512790.531 7413337.000 278.031 1676
elev 512762.000 7413378.000 277.334 1676
elev 512738.844 7413422.500 276.632 1676
elev 512721.344 7413469.000 275.924 1676
elev 518546.125 7408482.000 402.682 1672
elev 518502.344 7408507.000 401.906 1672
elev 518456.500 7408528.000 401.130 1672
elev 518408.938 7408544.500 400.354 1672
elev 518360.031 7408557.000 399.578 1672
elev 518310.219 7408564.500 398.802 1672
elev 518259.906 7408567.500 398.026 1672
elev 518209.500 7408566.000 397.250 1672
elev 518159.469 7408560.000 396.474 1672
elev 518110.219 7408549.000 395.698 1672
elev 518062.125 7408534.000 394.922 1672
elev 518014.844 7408516.500 394.146 1672
elev 518014.844 7408516.500 394.146 1673
elev 517957.844 7408495.000 393.187 1673
elev 517900.344 7408474.500 392.211 1673
elev 517841.125 7408460.000 391.222 1673
elev 517780.562 7408453.000 390.223 1673
elev 512721.344 7413469.000 275.924 1677
elev 512709.656 7413519.000 275.154 1677
elev 512703.250 7413569.500 274.385 1677
elev 512698.375 7413620.000 273.615 1677
elev 512693.000 7413670.500 272.845 1677
elev 512684.000 7413721.000 272.076 1677
elev 520093.219 7401730.500 525.767 1668
elev 520091.562 7401780.500 524.877 1668
elev 520093.594 7401830.500 524.000 1668
elev 520100.375 7401880.000 523.139 1668
elev 520109.500 7401929.000 522.297 1668
elev 520118.938 7401978.500 521.476 1668
elev 520128.031 7402027.500 520.677 1668
elev 520134.812 7402077.000 519.903 1668
elev 520138.375 7402127.000 519.155 1668
elev 520140.344 7402177.000 518.434 1668
elev 520142.656 7402227.000 517.742 1668
elev 520147.969 7402276.500 517.078 1668
elev 520157.906 7402325.500 516.445 1668
elev 520172.594 7402373.500 515.841 1668
elev 520192.062 7402419.500 515.267 1668
elev 520215.750 7402463.500 514.721 1668
elev 520241.062 7402506.500 514.202 1668
elev 520266.562 7402549.500 513.709 1668
elev 520291.969 7402592.500 513.239 1668
elev 520343.062 7402679.000 512.357 1668
elev 520367.781 7402722.500 511.937 1668
elev 520389.250 7402767.500 511.527 1668
elev 520406.094 7402814.500 511.122 1668
elev 520418.250 7402863.000 510.717 1668
elev 520425.375 7402912.500 510.308 1668
elev 520427.906 7402962.500 509.889 1668
elev 520428.375 7403012.500 509.457 1668
elev 520428.750 7403063.000 509.007 1668
elev 520429.094 7403113.000 508.535 1668
elev 520429.469 7403163.000 508.038 1668
elev 520429.906 7403213.000 507.514 1668
elev 520430.938 7403263.000 506.960 1668
elev 520433.344 7403313.000 506.375 1668
elev 520437.094 7403363.000 505.760 1668
elev 520441.250 7403412.500 505.113 1668
elev 520445.438 7403462.500 504.437 1668
elev 520449.625 7403512.500 503.734 1668
elev 520453.812 7403562.500 503.004 1668
elev 520458.000 7403612.500 502.252 1668
elev 520462.188 7403662.000 501.479 1668
elev 520466.344 7403712.000 500.689 1668
elev 520470.719 7403762.000 499.886 1668
elev 520476.094 7403811.500 499.071 1668
elev 520482.781 7403861.000 498.249 1668
elev 520490.656 7403910.500 497.421 1668
elev 520499.000 7403960.000 496.591 1668
elev 520507.375 7404009.500 495.760 1668
elev 520515.688 7404058.500 494.930 1668
elev 520524.062 7404108.000 494.103 1668
elev 520532.406 7404157.500 493.280 1668
elev 520540.781 7404207.000 492.463 1668
elev 520549.156 7404256.000 491.652 1668
elev 520557.500 7404305.500 490.848 1668
elev 520565.844 7404355.000 490.051 1668
elev 520574.219 7404404.000 489.261 1668
elev 520582.469 7404453.500 488.479 1668
elev 520589.688 7404503.000 487.704 1668
elev 520595.750 7404553.000 486.936 1668
elev 520600.531 7404602.500 486.175 1668
elev 520604.031 7404652.500 485.420 1668
elev 520606.344 7404702.500 484.670 1668
elev 520607.344 7404752.500 483.924 1668
elev 520607.094 7404802.500 483.182 1668
elev 520605.562 7404852.500 482.443 1668
elev 520602.812 7404902.500 481.705 1668
elev 520598.781 7404952.500 480.968 1668
elev 520592.562 7405002.000 480.230 1668
elev 520582.000 7405051.000 479.491 1668
elev 520566.688 7405098.500 478.751 1668
elev 520546.750 7405144.500 478.007 1668
elev 520523.281 7405189.000 477.261 1668
elev 520498.938 7405232.500 476.512 1668
elev 520474.438 7405276.000 475.760 1668
elev 520449.938 7405320.000 475.004 1668
elev 520425.875 7405364.000 474.246 1668
elev 520404.188 7405409.000 473.484 1668
elev 520385.594 7405455.500 472.720 1668
elev 520368.094 7405502.000 471.953 1668
elev 520350.719 7405549.000 471.183 1668
elev 520333.531 7405596.000 470.410 1668
elev 520317.938 7405643.500 469.633 1668
elev 520304.656 7405692.000 468.853 1668
elev 520293.656 7405741.000 468.069 1668
elev 520283.688 7405790.000 467.279 1668
elev 520273.844 7405839.000 466.484 1668
elev 520264.000 7405888.000 465.681 1668
elev 520254.156 7405937.000 464.871 1668
elev 520244.031 7405986.000 464.053 1668
elev 520232.031 7406034.500 463.225 1668
elev 520217.688 7406082.500 462.388 1668
elev 520201.188 7406130.000 461.540 1668
elev 520183.625 7406177.000 460.682 1668
elev 520165.531 7406223.500 459.812 1668
elev 520146.844 7406270.000 458.932 1668
elev 520125.500 7406315.000 458.041 1668
elev 520099.906 7406358.000 457.139 1668
elev 520070.469 7406398.500 456.227 1668
elev 520039.094 7406437.500 455.305 1668
elev 520007.469 7406476.500 454.374 1668
elev 519976.094 7406515.500 453.434 1668
elev 519945.969 7406555.500 452.486 1668
elev 519917.906 7406597.000 451.532 1668
elev 519891.688 7406639.500 450.571 1668
elev 519866.125 7406682.500 449.605 1668
elev 519840.719 7406725.500 448.634 1668
elev 519814.594 7406768.500 447.660 1668
elev 519787.438 7406810.500 446.682 1668
elev 519760.125 7406852.500 445.703 1668
elev 519732.812 7406894.000 444.723 1668
elev 519705.500 7406936.000 443.742 1668
elev 519678.219 7406978.000 442.761 1668
elev 519650.906 7407020.000 441.781 1668
elev 519622.938 7407061.500 440.802 1668
elev 519593.625 7407102.000 439.824 1668
elev 519563.656 7407142.000 438.848 1668
elev 519533.594 7407182.500 437.873 1668
elev 519503.531 7407222.500 436.899 1668
elev 519473.562 7407262.500 435.927 1668
elev 519444.844 7407303.500 434.957 1668
elev 519418.812 7407346.000 433.988 1668
elev 519395.250 7407390.500 433.020 1668
elev 519372.438 7407435.000 432.054 1668
elev 519348.875 7407479.000 431.089 1668
elev 519324.094 7407522.500 430.126 1668
elev 519298.125 7407565.500 429.165 1668
elev 519270.969 7407607.500 428.207 1668
elev 519242.625 7407648.500 427.251 1668
elev 519213.156 7407689.000 426.298 1668
elev 519182.562 7407728.500 425.350 1668
elev 519150.906 7407767.500 424.407 1668
elev 519118.875 7407806.000 423.471 1668
elev 519087.094 7407844.500 422.543 1668
elev 519056.688 7407884.500 421.625 1668
elev 519028.250 7407925.500 420.717 1668
elev 519001.281 7407967.500 419.821 1668
elev 518974.562 7408010.000 418.939 1668
elev 518947.719 7408052.000 418.073 1668
elev 518919.406 7408093.500 417.222 1668
elev 518888.906 7408133.000 416.389 1668
elev 518856.281 7408171.000 415.574 1668
elev 518822.688 7408208.000 414.778 1668
elev 518788.906 7408245.000 414.001 1668
elev 518755.156 7408282.000 413.243 1668
elev 518721.438 7408319.000 412.505 1668
elev 518617.844 7408427.500 405.391 1668
elev 518653.688 7408393.000 408.080 1668
elev 518687.688 7408356.000 410.784 1668
elev 520317.625 7402635.500 512.800 1668 571.789
elev 520317.625 7402635.500 512.800 1668 571.789
elev 512648.219 7413815.000 268.691 1680
elev 512622.344 7413857.500 267.696 1680
elev 512594.625 7413899.500 266.698 1680
elev 512566.781 7413941.000 265.703 1680
elev 512539.844 7413983.000 264.711 1680
elev 512516.812 7414027.500 263.723 1680
elev 512499.281 7414074.000 262.743 1680
elev 512487.688 7414123.000 261.765 1680
elev 512684.000 7413721.000 270.229 1677
elev 512693.000 7413670.500 271.377 1677
elev 512698.375 7413620.000 272.522 1677
elev 512703.250 7413569.500 273.667 1677
elev 512709.656 7413519.000 274.812 1677
link 513465.300 7424106.500 103.460 513468.100 7424239.000 102.180 tunnel
link 512667.400 7420099.000 162.140 512711.100 7420197.000 159.030
link 512648.200 7413815.000 266.840 512684.000 7413721.000 272.080
link 518617.800 7408427.500 405.390 518546.100 7408482.000 402.680
